Testing 3x3 image, feature width 2, feature height 2, maximum diplacement 1... 0.0000 0.0000 0.0000 
0.0000 0.0000 0.0000 
0.0000 0.0000 0.0000 
Test success!
Testing 5x5 image, feature width 2, feature height 2, maximum diplacement 1... 0.0000 0.0000 0.0000 0.0000 0.0000 
0.0000 0.0000 0.0000 0.0000 0.0000 
0.0000 0.0000 0.0000 0.0000 0.0000 
0.0000 0.0000 0.0000 0.0000 0.0000 
0.0000 0.0000 0.0000 0.0000 0.0000 
Test success!
Testing 10x10 image, feature width 2, feature height 2, maximum diplacement 1... 0.0000 0.0000 0.0000 0.0000 0.0000 0.0000 0.0000 0.0000 0.0000 0.0000 
0.0000 0.0000 0.0000 0.0000 0.0000 0.0000 0.0000 0.0000 0.0000 0.0000 
0.0000 0.0000 0.0000 1.4142 0.0000 0.0000 0.0000 0.0000 0.0000 0.0000 
0.0000 0.0000 0.0000 0.0000 0.0000 0.0000 0.0000 0.0000 0.0000 0.0000 
0.0000 0.0000 0.0000 0.0000 1.4142 0.0000 1.4142 1.4142 0.0000 0.0000 
0.0000 0.0000 0.0000 1.4142 1.0000 1.0000 1.4142 1.4142 0.0000 0.0000 
0.0000 0.0000 1.4142 1.4142 1.0000 1.0000 1.4142 1.4142 0.0000 0.0000 
0.0000 0.0000 1.0000 1.4142 1.0000 1.0000 1.0000 1.0000 0.0000 0.0000 
0.0000 0.0000 0.0000 0.0000 0.0000 0.0000 0.0000 0.0000 0.0000 0.0000 
0.0000 0.0000 0.0000 0.0000 0.0000 0.0000 0.0000 0.0000 0.0000 0.0000 
Test success!
Testing 10x10 image, feature width 5, feature height 5, maximum diplacement 2... 0.0000 0.0000 0.0000 0.0000 0.0000 0.0000 0.0000 0.0000 0.0000 0.0000 
0.0000 0.0000 0.0000 0.0000 0.0000 0.0000 0.0000 0.0000 0.0000 0.0000 
0.0000 0.0000 0.0000 0.0000 0.0000 0.0000 0.0000 0.0000 0.0000 0.0000 
0.0000 0.0000 0.0000 0.0000 0.0000 0.0000 0.0000 0.0000 0.0000 0.0000 
0.0000 0.0000 0.0000 0.0000 0.0000 0.0000 0.0000 0.0000 0.0000 0.0000 
0.0000 0.0000 0.0000 0.0000 0.0000 0.0000 0.0000 0.0000 0.0000 0.0000 
0.0000 0.0000 0.0000 0.0000 0.0000 0.0000 0.0000 0.0000 0.0000 0.0000 
0.0000 0.0000 0.0000 0.0000 0.0000 0.0000 0.0000 0.0000 0.0000 0.0000 
0.0000 0.0000 0.0000 0.0000 0.0000 0.0000 0.0000 0.0000 0.0000 0.0000 
0.0000 0.0000 0.0000 0.0000 0.0000 0.0000 0.0000 0.0000 0.0000 0.0000 
Test success!
Testing 100x100 image, feature width 3, feature height 3, maximum diplacement 14... 0.0000 0.0000 0.0000 0.0000 0.0000 0.0000 0.0000 0.0000 0.0000 0.0000 0.0000 0.0000 0.0000 0.0000 0.0000 0.0000 0.0000 0.0000 0.0000 0.0000 0.0000 0.0000 0.0000 0.0000 0.0000 0.0000 0.0000 0.0000 0.0000 0.0000 0.0000 0.0000 0.0000 0.0000 0.0000 0.0000 0.0000 0.0000 0.0000 0.0000 0.0000 0.0000 0.0000 0.0000 0.0000 0.0000 0.0000 0.0000 0.0000 0.0000 0.0000 0.0000 0.0000 0.0000 0.0000 0.0000 0.0000 0.0000 0.0000 0.0000 0.0000 0.0000 0.0000 0.0000 0.0000 0.0000 0.0000 0.0000 0.0000 0.0000 0.0000 0.0000 0.0000 0.0000 0.0000 0.0000 0.0000 0.0000 0.0000 0.0000 0.0000 0.0000 0.0000 0.0000 0.0000 0.0000 0.0000 0.0000 0.0000 0.0000 0.0000 0.0000 0.0000 0.0000 0.0000 0.0000 0.0000 0.0000 0.0000 0.0000 
0.0000 0.0000 0.0000 0.0000 0.0000 0.0000 0.0000 0.0000 0.0000 0.0000 0.0000 0.0000 0.0000 0.0000 0.0000 0.0000 0.0000 0.0000 0.0000 0.0000 0.0000 0.0000 0.0000 0.0000 0.0000 0.0000 0.0000 0.0000 0.0000 0.0000 0.0000 0.0000 0.0000 0.0000 0.0000 0.0000 0.0000 0.0000 0.0000 0.0000 0.0000 0.0000 0.0000 0.0000 0.0000 0.0000 0.0000 0.0000 0.0000 0.0000 0.0000 0.0000 0.0000 0.0000 0.0000 0.0000 0.0000 0.0000 0.0000 0.0000 0.0000 0.0000 0.0000 0.0000 0.0000 0.0000 0.0000 0.0000 0.0000 0.0000 0.0000 0.0000 0.0000 0.0000 0.0000 0.0000 0.0000 0.0000 0.0000 0.0000 0.0000 0.0000 0.0000 0.0000 0.0000 0.0000 0.0000 0.0000 0.0000 0.0000 0.0000 0.0000 0.0000 0.0000 0.0000 0.0000 0.0000 0.0000 0.0000 0.0000 
0.0000 0.0000 0.0000 0.0000 0.0000 0.0000 0.0000 0.0000 0.0000 0.0000 0.0000 0.0000 0.0000 0.0000 0.0000 0.0000 0.0000 0.0000 0.0000 0.0000 0.0000 0.0000 0.0000 0.0000 0.0000 0.0000 0.0000 0.0000 0.0000 0.0000 0.0000 0.0000 0.0000 0.0000 0.0000 0.0000 0.0000 0.0000 0.0000 0.0000 0.0000 0.0000 0.0000 0.0000 0.0000 0.0000 0.0000 0.0000 0.0000 0.0000 0.0000 0.0000 0.0000 0.0000 0.0000 0.0000 0.0000 0.0000 0.0000 0.0000 0.0000 0.0000 0.0000 0.0000 0.0000 0.0000 0.0000 0.0000 0.0000 0.0000 0.0000 0.0000 0.0000 0.0000 0.0000 0.0000 0.0000 0.0000 0.0000 0.0000 0.0000 0.0000 0.0000 0.0000 0.0000 0.0000 0.0000 0.0000 0.0000 0.0000 0.0000 0.0000 0.0000 0.0000 0.0000 0.0000 0.0000 0.0000 0.0000 0.0000 
0.0000 0.0000 0.0000 12.3693 13.4164 1.4142 1.4142 1.4142 4.2426 8.5440 8.5440 8.5440 8.5440 7.0711 7.6158 8.0000 8.9443 13.0384 13.0384 13.0384 13.0384 13.0384 13.0384 13.0384 13.0384 13.0384 10.2956 13.6015 13.6015 4.1231 14.5602 17.2047 13.4536 5.0000 14.8661 12.8062 1.4142 7.2111 7.2111 14.3178 17.2047 17.2047 6.3246 2.8284 13.6015 13.8924 9.8489 13.8924 12.0830 12.0830 4.2426 7.2801 14.1421 9.2195 19.1050 19.1050 10.0000 9.2195 8.0623 8.0623 12.0416 13.0000 13.0000 13.0000 10.7703 8.0623 8.0623 13.1529 13.1529 13.1529 13.1529 15.0000 18.4391 14.4222 14.4222 17.2047 14.4222 17.2047 16.1245 16.1245 7.2111 11.1803 13.0384 13.0384 5.8310 4.0000 4.0000 5.0000 14.3178 14.3178 4.0000 14.4222 14.7648 1.0000 17.6918 12.2066 17.6918 0.0000 0.0000 0.0000 
0.0000 0.0000 0.0000 13.0000 14.1421 12.0416 14.3178 1.4142 14.3178 13.4536 13.4536 8.2462 5.6569 7.0711 7.0711 8.0000 8.0000 13.0384 13.0384 13.0384 13.0384 8.2462 13.0384 13.0384 10.2956 10.2956 12.0830 13.6015 13.6015 13.6015 13.6015 13.6015 12.8062 5.0000 7.0711 12.8062 5.0990 6.4031 14.3178 14.3178 12.0830 2.8284 2.8284 2.8284 2.8284 13.0000 9.8489 3.1623 12.0830 7.0711 8.6023 8.6023 14.1421 6.3246 10.0000 10.0000 12.0416 12.0416 14.2127 8.0623 14.2127 8.0623 8.0623 7.8102 9.2195 7.8102 8.0623 16.1245 16.1245 16.2788 16.2788 18.4391 16.2788 14.4222 14.4222 7.0000 7.0000 16.2788 16.2788 7.8102 5.6569 9.2195 13.0384 13.0384 10.0000 10.0000 11.1803 14.5602 5.3852 11.0454 11.0454 13.0384 3.0000 13.0384 13.0384 12.2066 17.6918 0.0000 0.0000 0.0000 
0.0000 0.0000 0.0000 7.6158 11.1803 11.4018 11.4018 9.0000 4.2426 4.2426 13.4536 13.8924 5.6569 4.4721 4.4721 8.0000 13.0384 13.0384 13.0384 13.0384 13.0384 8.2462 8.2462 8.2462 15.8114 6.3246 12.3693 14.4222 15.2315 19.1050 1.0000 13.6015 2.2361 5.0000 2.2361 2.2361 13.0384 14.3178 14.3178 6.3246 2.0000 8.0000 13.6015 2.8284 13.0000 13.0000 7.0711 19.1050 8.0623 4.0000 4.0000 4.0000 4.0000 4.0000 10.0000 10.0000 12.0416 16.1245 13.6015 13.6015 14.3178 8.0623 8.0623 8.0623 9.2195 9.2195 10.0499 17.0294 5.8310 5.8310 5.8310 18.4391 16.2788 8.6023 8.6023 7.0711 15.6525 15.6525 16.2788 13.0384 12.0000 9.2195 11.6619 5.8310 5.8310 5.8310 11.1803 14.8661 15.2643 15.2643 11.0454 15.2643 13.0384 13.0384 13.0384 12.2066 13.3417 0.0000 0.0000 0.0000 
0.0000 0.0000 0.0000 9.2195 10.4403 2.2361 11.4018 11.4018 4.2426 4.2426 13.4536 13.8924 4.4721 7.6158 7.6158 8.0000 8.0000 7.6158 11.7047 2.2361 2.2361 8.2462 8.2462 5.6569 12.0830 6.3246 15.8114 12.3693 15.2315 15.2315 7.0000 13.6015 13.0384 13.1529 2.2361 2.2361 13.6015 13.0384 14.3178 6.3246 2.0000 8.0000 13.0384 13.4164 13.0000 11.1803 7.2801 5.8310 13.0384 13.0384 10.4403 5.0000 6.3246 6.3246 10.0000 10.0000 4.4721 4.4721 5.3852 13.9284 14.1421 8.0623 9.2195 7.8102 9.2195 7.8102 10.0499 10.0499 10.0499 10.0499 12.8062 5.8310 12.2066 12.2066 14.4222 14.2127 10.8167 15.6525 15.6525 13.1529 5.8310 5.8310 5.8310 5.8310 5.8310 5.8310 11.1803 15.2643 15.2643 15.2643 15.2643 15.2643 15.2643 6.4031 12.2066 12.2066 15.0000 0.0000 0.0000 0.0000 
0.0000 0.0000 0.0000 15.5563 15.5563 11.4018 11.4018 11.4018 11.4018 11.4018 9.2195 5.6569 5.6569 5.6569 7.0711 8.0623 7.6158 7.6158 11.7047 11.7047 2.2361 12.0830 4.1231 4.1231 4.1231 17.2047 14.1421 12.3693 12.3693 12.3693 7.0000 13.6015 13.6015 13.1529 13.1529 2.2361 13.0384 13.0384 7.2111 6.3246 6.3246 12.0416 2.8284 2.8284 13.0000 13.0000 16.4012 11.0454 13.0384 9.4868 6.3246 14.1421 6.3246 10.0000 10.0000 10.0000 10.0000 14.5602 14.2127 14.2127 14.1421 15.8114 9.2195 9.2195 9.2195 7.8102 10.0499 16.2788 5.8310 10.0499 17.0294 5.8310 12.2066 12.2066 14.4222 13.6015 15.8114 15.6525 11.7047 5.8310 5.8310 5.8310 5.8310 4.0000 4.0000 11.1803 11.1803 11.1803 15.2643 5.0000 15.2643 15.2643 13.0384 13.0384 12.2066 7.2111 7.2111 0.0000 0.0000 0.0000 
0.0000 0.0000 0.0000 9.2195 13.6015 11.4018 11.4018 14.5602 3.1623 9.4868 6.0828 6.0828 2.0000 5.6569 7.0711 7.6158 7.6158 7.6158 11.6619 11.6619 15.2643 14.8661 11.4018 12.0000 12.0000 6.3246 14.1421 4.2426 14.4222 13.4536 14.4222 10.2956 10.2956 14.1421 13.1529 12.0416 13.6015 6.3246 6.3246 6.3246 6.3246 12.1655 5.0000 6.4031 6.4031 15.5563 15.5563 11.0454 11.0454 9.4868 6.3246 11.0454 14.5602 14.5602 14.5602 14.5602 18.4391 14.5602 15.8114 15.8114 15.8114 10.8167 9.8489 11.1803 11.1803 11.1803 10.0499 11.0454 11.4018 10.0499 17.0294 9.8995 4.2426 12.2066 14.4222 15.8114 15.8114 12.0416 3.1623 5.8310 5.8310 10.2956 4.4721 5.8310 5.8310 5.8310 9.2195 5.3852 15.2643 5.0000 15.2643 15.2643 2.2361 5.0990 5.0990 15.0000 15.0000 0.0000 0.0000 0.0000 
0.0000 0.0000 0.0000 15.6205 15.6205 15.6205 15.6205 15.6205 14.5602 9.4868 9.4868 8.0000 8.0000 8.0000 11.0000 7.6158 7.6158 7.6158 6.0000 12.5300 7.6158 14.8661 11.4018 14.1421 12.8062 9.4340 14.1421 8.5440 16.4012 13.4536 13.3417 4.4721 4.4721 14.1421 14.1421 12.0416 13.6015 13.6015 12.3693 11.6619 5.0000 8.0000 5.0000 14.2127 13.0000 13.0000 11.1803 11.0454 16.6433 4.0000 5.8310 14.5602 14.5602 14.5602 14.5602 14.5602 7.6158 14.5602 18.4391 18.4391 15.8114 8.9443 10.8167 13.6015 7.6158 7.6158 7.6158 16.1245 16.1245 11.4018 17.0294 10.0000 12.2066 19.1050 9.2195 10.7703 9.2195 14.3178 13.4164 14.3178 12.0416 10.0499 4.4721 4.4721 4.4721 9.2195 6.3246 13.0000 13.0000 2.2361 6.0828 15.2643 11.3137 11.3137 12.0416 12.0416 18.4391 0.0000 0.0000 0.0000 
0.0000 0.0000 0.0000 8.0000 14.4222 3.1623 15.6205 15.6205 10.6301 10.6301 13.8924 8.0000 8.0000 1.0000 7.8102 11.0000 11.0000 7.6158 12.6491 11.0454 12.6491 12.6491 10.4403 10.4403 10.4403 15.2315 14.1421 6.0000 15.0000 14.7648 19.1050 10.2956 10.2956 10.2956 13.1529 10.2956 13.1529 13.6015 12.3693 8.0000 8.0000 8.0000 5.0000 14.2127 7.8102 17.0294 15.5563 4.4721 2.2361 3.1623 12.6491 14.5602 12.6491 14.5602 9.8995 18.4391 14.5602 14.5602 14.7648 18.4391 10.8167 10.8167 10.8167 10.8167 8.4853 10.7703 16.1245 10.7703 10.7703 10.7703 10.7703 10.7703 10.7703 10.7703 10.7703 10.7703 9.2195 14.3178 4.0000 12.2066 12.0416 12.0416 12.0416 8.5440 4.4721 9.2195 9.2195 13.0000 15.2643 6.0828 6.0828 11.3137 8.5440 8.5440 12.6491 12.6491 12.6491 0.0000 0.0000 0.0000 
0.0000 0.0000 0.0000 9.0000 14.4222 6.0828 14.4222 4.1231 10.6301 5.8310 11.0454 8.0000 8.0000 11.0000 11.0000 11.4018 13.6015 7.6158 12.6491 7.6158 12.6491 12.6491 10.4403 14.8661 10.4403 14.1421 14.1421 14.0000 7.2801 14.7648 12.0830 10.2956 10.2956 10.2956 11.1803 10.2956 10.2956 11.6619 13.1529 8.0000 10.0499 10.0499 11.7047 6.3246 13.8924 15.0000 14.2127 14.2127 2.2361 14.8661 12.0000 12.0000 12.0000 12.0416 12.0416 18.4391 18.4391 14.5602 14.7648 18.4391 10.8167 8.6023 7.6158 6.4031 11.1803 7.0711 13.0384 10.7703 10.7703 10.7703 10.7703 10.7703 10.7703 10.7703 10.7703 13.0384 17.2047 17.2047 4.0000 4.0000 13.4536 12.0416 12.0416 5.0000 2.2361 9.2195 9.2195 12.0830 5.3852 6.0828 14.4222 11.3137 11.3137 15.2315 9.4868 9.4868 12.6491 0.0000 0.0000 0.0000 
0.0000 0.0000 0.0000 4.2426 14.4222 6.0828 6.0000 5.8310 5.8310 5.8310 11.0454 13.4536 4.1231 4.4721 6.0828 13.4536 11.4018 14.4222 12.3693 12.3693 11.1803 11.1803 11.6619 11.6619 16.4012 11.6619 8.6023 8.2462 6.7082 14.7648 6.7082 6.7082 6.7082 11.3137 6.7082 10.2956 11.6619 11.6619 12.0416 7.0000 12.0416 12.0416 14.4222 10.0499 7.6158 6.0828 6.0828 14.2127 14.2127 14.2127 12.0000 10.0499 12.7279 12.7279 12.7279 12.7279 6.0828 12.7279 14.1421 14.1421 14.1421 8.6023 8.0000 6.4031 11.1803 7.0711 14.8661 17.8045 17.8045 15.2315 6.3246 6.3246 12.3693 8.0623 14.7648 17.6918 8.0623 17.6918 4.0000 17.0294 12.0416 12.0416 12.0416 15.2643 2.2361 9.2195 9.2195 9.2195 5.3852 12.5300 12.5300 12.0416 4.4721 9.8489 9.4868 9.4868 9.8489 0.0000 0.0000 0.0000 
0.0000 0.0000 0.0000 4.2426 9.0000 5.3852 4.1231 8.0623 8.0623 13.4536 2.8284 2.8284 15.6205 7.8102 6.0828 11.4018 14.8661 14.3178 10.0499 13.9284 13.9284 11.7047 11.6619 19.1050 19.1050 9.4868 8.2462 8.2462 8.2462 5.3852 6.7082 6.7082 6.7082 17.2047 9.0554 13.0384 13.1529 8.6023 8.6023 14.4222 12.0416 12.0416 14.0000 4.4721 7.6158 10.0499 7.6158 10.8167 9.0554 8.5440 12.0000 10.0499 12.7279 12.7279 12.7279 10.7703 18.4391 11.7047 11.7047 7.0000 8.0623 11.1803 6.4031 6.4031 14.8661 14.8661 14.8661 14.8661 14.8661 4.2426 10.0499 10.1980 12.3693 4.0000 14.3178 10.1980 14.1421 13.8924 13.8924 13.8924 13.8924 10.1980 15.8114 15.8114 8.4853 8.4853 9.2195 9.2195 5.3852 11.4018 4.4721 14.4222 4.4721 11.4018 9.4868 9.4868 8.2462 0.0000 0.0000 0.0000 
0.0000 0.0000 0.0000 9.0000 5.3852 5.3852 4.1231 4.1231 9.4340 13.4536 9.4340 13.4536 10.0499 13.4536 10.7703 11.4018 11.4018 14.1421 12.3693 13.4536 5.6569 6.0000 10.4403 14.4222 14.4222 14.4222 14.4222 14.4222 14.5602 5.3852 14.0357 7.2801 7.2801 7.2801 12.0000 14.2127 14.2127 3.1623 7.0711 13.1529 13.1529 12.0416 14.0000 4.4721 7.6158 6.3246 7.6158 14.4222 14.4222 10.2956 7.2111 12.0416 10.6301 9.2195 12.0416 12.0416 6.0828 6.0828 7.8102 7.0000 17.0294 11.6619 9.8489 6.4031 12.2066 14.8661 14.8661 14.8661 14.8661 14.8661 14.8661 12.3693 12.3693 14.3178 8.5440 15.6205 14.1421 9.2195 13.8924 15.6525 10.1980 10.0499 12.0416 15.0000 8.4853 8.4853 10.8167 10.7703 10.7703 10.7703 12.5300 5.6569 13.3417 9.0554 9.4868 9.4868 9.4868 0.0000 0.0000 0.0000 
0.0000 0.0000 0.0000 6.3246 11.0454 6.3246 4.1231 4.1231 8.5440 10.7703 12.2066 12.5300 4.2426 7.2111 5.0000 5.0000 5.0000 15.6205 13.8924 10.7703 6.0000 6.0000 14.4222 14.4222 14.4222 9.2195 11.4018 11.4018 11.4018 12.6491 14.2127 8.9443 16.2788 16.2788 16.2788 13.8924 12.0416 3.1623 3.1623 13.1529 13.1529 11.4018 11.4018 7.6158 6.3246 6.3246 6.3246 8.6023 11.4018 10.2956 7.2801 10.6301 9.2195 9.2195 5.0000 9.2195 12.0830 12.0416 8.9443 18.4391 6.4031 5.0000 9.8489 8.4853 8.4853 14.8661 14.8661 14.8661 14.8661 14.8661 15.6205 12.3693 12.3693 14.1421 14.1421 14.1421 14.1421 14.4222 13.6015 13.6015 14.4222 13.6015 13.6015 5.6569 8.9443 8.9443 6.7082 9.8995 9.0000 9.8995 12.5300 5.0990 12.7279 13.3417 13.3417 9.4868 9.4868 0.0000 0.0000 0.0000 
0.0000 0.0000 0.0000 6.3246 11.0454 11.0454 9.0000 11.0454 8.5440 8.5440 8.5440 11.1803 15.6205 15.6205 15.6205 15.6205 14.8661 14.8661 10.7703 13.4164 6.0000 6.0000 14.4222 14.4222 14.4222 14.7648 14.1421 11.4018 11.4018 18.3848 9.0000 16.2788 16.2788 16.2788 16.2788 18.4391 13.4164 13.4164 7.2801 14.4222 15.8114 11.4018 17.0294 11.1803 6.3246 6.3246 6.3246 6.3246 10.2956 10.2956 10.6301 10.6301 16.6433 5.0000 5.0000 12.0416 12.0416 12.0416 15.0000 15.0000 17.0294 15.0000 19.1050 13.9284 13.9284 12.6491 14.8661 10.0499 10.0499 13.1529 13.1529 13.9284 13.9284 14.1421 14.1421 14.1421 9.0554 9.0554 17.0294 17.0294 17.0294 17.0294 4.4721 11.4018 11.4018 6.7082 9.4340 14.0357 14.0357 11.4018 18.4391 17.2047 13.3417 13.3417 13.3417 9.4868 9.4868 0.0000 0.0000 0.0000 
0.0000 0.0000 0.0000 3.6056 11.0454 11.0454 11.0454 11.0454 11.0454 3.6056 13.0384 12.8062 9.4340 9.2195 13.4164 15.6525 13.4164 14.0357 18.3848 13.4164 13.4164 10.0499 14.4222 14.4222 14.4222 15.5563 14.8661 14.8661 14.8661 11.7047 15.2643 11.7047 16.2788 16.2788 16.2788 18.4391 13.4164 13.4164 7.2801 14.3178 13.4164 12.8062 17.0294 11.1803 2.2361 7.2111 6.3246 8.0623 10.2956 10.2956 7.2801 14.0357 16.6433 9.2195 16.6433 11.1803 12.0416 12.0416 7.8102 15.0000 17.0294 6.4031 5.8310 5.8310 5.8310 15.6525 15.6525 16.4012 16.4012 13.1529 13.1529 13.1529 10.7703 14.1421 14.1421 9.4340 14.8661 13.6015 17.0294 17.0294 12.0830 12.0830 17.2047 14.1421 11.4018 14.2127 11.0454 4.4721 18.4391 10.8167 18.4391 10.2956 15.6205 17.6918 13.3417 13.3417 9.4868 0.0000 0.0000 0.0000 
0.0000 0.0000 0.0000 7.0711 3.6056 11.0454 16.6433 11.0454 2.0000 2.0000 12.6491 12.6491 12.6491 12.6491 12.8062 12.8062 12.0416 15.6205 15.0000 13.4164 10.1980 7.2111 14.4222 12.3693 12.3693 15.5563 7.0711 12.0416 14.8661 16.4012 15.6525 1.0000 16.2788 16.2788 16.2788 8.0623 13.4164 9.4868 14.8661 5.6569 15.6205 13.0384 15.8114 2.2361 2.2361 2.2361 4.1231 8.0623 10.2956 9.4340 10.1980 14.0357 14.8661 9.0000 9.0000 16.2788 6.0828 6.0828 12.0416 5.3852 5.3852 11.4018 11.4018 11.4018 5.8310 15.6525 15.6525 16.4012 16.4012 13.1529 13.1529 13.1529 14.1421 14.1421 14.1421 14.1421 15.2643 15.2643 7.0000 12.6491 12.0830 12.0830 19.7990 14.1421 15.2315 14.2127 12.2066 6.4031 18.4391 14.2127 11.4018 13.4536 10.0499 10.0499 13.3417 12.5300 13.3417 0.0000 0.0000 0.0000 
0.0000 0.0000 0.0000 12.5300 12.5300 12.5300 3.0000 15.6205 2.2361 10.8167 12.6491 12.6491 12.8062 12.8062 12.8062 12.8062 12.8062 12.8062 13.4164 13.4164 4.1231 10.0499 10.0499 17.8045 9.0554 11.0000 6.3246 12.0416 14.8661 9.0554 16.2788 16.1245 15.2643 15.2643 15.2643 13.4164 13.4164 16.1245 15.2315 5.6569 13.3417 10.7703 13.9284 4.1231 12.0416 9.4868 4.1231 10.2956 10.2956 9.4340 11.1803 14.0357 14.8661 9.0554 9.2195 6.0828 12.1655 8.0623 8.0623 12.5300 12.5300 19.7990 17.2047 17.2047 15.6525 13.4164 13.4164 16.4012 10.0499 10.0499 11.0454 11.0454 11.0454 14.1421 14.1421 8.0623 8.0623 10.6301 11.7047 10.6301 12.6491 12.6491 19.7990 6.4031 6.4031 6.4031 10.6301 6.7082 18.4391 12.0416 11.4018 15.0000 10.0499 10.0499 11.1803 9.2195 5.0000 0.0000 0.0000 0.0000 
0.0000 0.0000 0.0000 17.0294 12.5300 17.0294 17.0294 5.3852 17.0294 5.3852 5.3852 12.8062 12.8062 12.8062 8.6023 12.8062 12.8062 12.6491 17.6918 14.8661 5.0000 14.8661 8.2462 9.2195 9.2195 7.6158 6.3246 6.3246 8.0623 3.1623 16.1245 15.6205 15.2643 16.6433 15.2643 9.2195 13.8924 16.1245 15.2315 17.2047 14.0357 13.0384 14.2127 5.0990 5.8310 3.6056 9.4340 9.4340 9.4340 3.1623 11.1803 4.4721 9.2195 4.4721 9.2195 6.0828 6.0828 8.0623 8.0623 12.5300 12.0830 7.2111 17.2047 9.2195 9.2195 13.4164 3.0000 16.4012 16.4012 17.2047 6.0828 11.0454 14.1421 14.1421 14.1421 8.0623 13.4536 13.4536 13.4536 13.4536 12.6491 12.6491 8.5440 8.5440 3.6056 7.2801 10.6301 10.6301 12.0416 14.2127 11.4018 10.8167 6.0828 10.0499 15.8114 9.2195 4.4721 0.0000 0.0000 0.0000 
0.0000 0.0000 0.0000 18.4391 12.5300 12.5300 14.8661 8.4853 17.0294 5.3852 5.3852 5.3852 12.8062 12.8062 8.5440 7.2801 7.2801 7.2801 8.2462 8.2462 14.8661 14.8661 4.1231 9.2195 9.2195 2.2361 6.3246 12.0416 6.3246 15.6525 15.6205 15.6205 10.4403 10.4403 9.0000 13.0384 13.0384 12.0416 15.2315 5.0990 14.0357 2.2361 15.6205 15.6205 18.3848 15.2315 14.8661 9.4340 10.2956 3.1623 11.1803 4.4721 14.3178 2.0000 9.2195 6.4031 7.6158 8.0623 3.0000 6.4031 12.0830 12.0830 17.2047 15.6525 15.6525 15.6525 3.0000 1.0000 5.8310 14.0357 5.0990 7.0711 11.0454 17.0294 8.0623 14.8661 8.0623 13.4536 13.4536 13.4536 12.6491 15.6525 13.3417 6.4031 3.6056 7.0000 10.2956 10.6301 14.2127 14.2127 11.4018 10.0499 6.0828 3.6056 8.2462 4.4721 4.4721 0.0000 0.0000 0.0000 
0.0000 0.0000 0.0000 17.6918 12.5300 12.5300 12.0830 7.6158 14.4222 3.6056 12.3693 12.6491 12.6491 12.6491 8.5440 8.9443 7.2801 3.6056 3.6056 8.2462 14.8661 14.8661 4.1231 13.6015 2.2361 2.2361 6.3246 6.3246 6.3246 6.3246 6.0828 5.0990 15.8114 8.0623 9.0000 9.0000 9.0000 9.0000 12.0416 17.2047 6.3246 14.3178 5.8310 5.8310 14.0000 2.2361 14.0000 9.4340 14.1421 10.0499 8.0623 8.0623 14.3178 9.2195 9.2195 14.3178 14.3178 14.3178 15.8114 15.8114 11.6619 10.4403 17.2047 10.0000 10.0000 10.4403 3.0000 6.3246 5.8310 14.3178 17.6918 14.3178 11.0454 14.3178 9.4340 14.8661 2.8284 11.1803 7.0711 11.6619 12.6491 15.6525 13.3417 6.4031 7.0000 7.0000 10.6301 15.0000 7.0711 11.1803 12.1655 10.0499 8.2462 3.6056 14.1421 12.5300 4.4721 0.0000 0.0000 0.0000 
0.0000 0.0000 0.0000 18.4391 2.2361 12.0830 12.0830 13.6015 6.4031 3.6056 12.3693 12.3693 12.3693 12.3693 12.3693 7.2801 7.2801 7.2801 14.8661 10.7703 14.8661 7.6158 7.6158 7.6158 7.6158 2.2361 2.2361 12.0416 15.6205 15.8114 15.8114 17.0294 15.8114 16.6433 15.8114 16.6433 17.2047 7.6158 12.0416 17.2047 11.4018 11.4018 15.6205 15.6205 18.3848 2.2361 9.4340 9.4340 9.4340 10.0499 8.0623 8.0623 6.4031 14.3178 14.3178 14.3178 8.2462 8.2462 8.2462 13.4536 13.4536 15.6205 17.2047 11.3137 11.3137 5.8310 3.6056 3.6056 8.0623 14.2127 11.7047 11.1803 14.2127 16.6433 10.0000 10.0000 12.5300 10.0000 11.6619 13.9284 6.4031 6.4031 14.0357 6.4031 6.4031 7.0000 4.4721 8.9443 12.0830 12.0830 12.1655 8.2462 8.2462 14.0000 4.4721 4.4721 4.4721 0.0000 0.0000 0.0000 
0.0000 0.0000 0.0000 4.4721 9.2195 12.0830 9.2195 9.2195 6.4031 14.1421 12.3693 18.4391 12.3693 12.3693 12.3693 7.2801 4.1231 4.1231 1.0000 7.6158 17.6918 14.0000 16.4012 12.0416 0.0000 9.0554 15.2643 12.0416 15.2315 15.6205 12.0416 17.2047 6.3246 9.0000 9.0000 9.0000 9.0000 7.6158 17.2047 17.2047 11.4018 11.4018 7.2801 15.6205 15.6205 15.6205 13.6015 13.6015 5.3852 5.3852 10.0499 6.3246 6.4031 8.2462 8.2462 14.3178 8.2462 8.2462 8.2462 8.2462 8.2462 8.2462 8.0623 8.5440 1.0000 15.6205 15.2643 8.5440 8.5440 17.6918 14.8661 11.1803 17.6918 8.0623 12.0830 12.0830 13.0000 10.0000 4.1231 2.8284 6.4031 6.4031 14.0357 6.4031 4.4721 4.4721 9.8489 9.8489 14.0357 15.8114 12.1655 13.0000 15.8114 14.0000 6.0000 4.4721 4.4721 0.0000 0.0000 0.0000 
0.0000 0.0000 0.0000 8.0000 12.0830 12.0830 9.2195 9.2195 9.2195 9.2195 18.4391 18.4391 11.1803 11.0454 12.3693 8.0623 11.1803 4.1231 12.2066 8.9443 17.2047 17.2047 16.2788 12.0830 12.0830 9.0554 12.0830 14.8661 6.0828 6.0828 6.0828 17.2047 16.2788 16.2788 12.3693 12.3693 12.3693 7.6158 16.6433 15.6205 4.4721 16.4012 4.1231 5.0000 6.7082 2.2361 9.2195 13.6015 5.3852 5.3852 10.0499 6.4031 6.4031 14.8661 14.8661 14.3178 8.2462 8.2462 8.2462 8.2462 7.8102 7.8102 8.0623 8.9443 9.4868 19.7990 15.2643 17.6918 13.6015 11.1803 14.8661 11.1803 17.0294 11.7047 7.8102 7.8102 11.0454 7.8102 4.1231 6.4031 6.4031 6.4031 11.0454 10.2956 10.2956 13.6015 9.4868 12.0830 9.8489 9.8489 9.8489 9.8489 8.2462 12.1655 4.4721 4.4721 9.2195 0.0000 0.0000 0.0000 
0.0000 0.0000 0.0000 8.0000 8.0000 14.1421 15.6205 8.0623 11.4018 7.6158 10.8167 10.8167 12.3693 11.1803 12.3693 8.0623 13.6015 11.1803 13.6015 10.4403 8.9443 17.2047 13.1529 18.4391 16.4012 16.4012 16.4012 6.0828 6.0828 16.4012 16.2788 14.1421 16.6433 16.2788 14.2127 13.0000 12.3693 7.8102 6.3246 15.6205 8.0623 12.0000 6.0000 12.0416 12.0416 12.0416 9.4340 9.4340 5.3852 5.3852 5.3852 8.5440 6.4031 13.0000 14.8661 14.8661 8.2462 8.2462 8.2462 8.5440 10.0499 10.0499 12.0830 14.5602 14.5602 13.0384 12.1655 12.1655 11.6619 17.0294 14.8661 16.2788 17.6918 17.6918 14.2127 13.6015 5.3852 7.8102 5.3852 13.4536 13.4536 13.4536 5.8310 10.2956 9.0554 4.4721 8.6023 8.6023 9.8489 9.8489 9.8489 9.8489 12.1655 12.1655 12.1655 12.1655 9.2195 0.0000 0.0000 0.0000 
0.0000 0.0000 0.0000 14.8661 5.0000 15.6205 15.6205 11.4018 6.4031 15.2643 8.9443 9.4340 15.6525 11.1803 12.0416 12.0416 13.6015 14.0000 13.6015 10.4403 8.9443 17.0294 13.1529 13.1529 13.1529 16.4012 16.4012 13.8924 11.1803 11.1803 16.6433 16.6433 16.6433 13.0000 14.2127 15.6205 11.4018 10.8167 11.4018 17.2047 8.0623 4.4721 12.0416 12.0416 12.0416 12.0416 13.3417 5.3852 5.3852 5.3852 5.3852 17.6918 13.0000 13.0000 8.2462 13.0384 13.0384 13.1529 8.2462 13.1529 10.0499 10.0499 10.2956 12.0416 2.8284 2.8284 13.4536 12.1655 10.0000 17.0294 14.8661 13.6015 17.0294 17.6918 17.6918 13.6015 5.3852 5.3852 4.1231 3.1623 3.1623 16.1245 14.8661 1.4142 14.8661 4.4721 4.1231 7.2111 9.8489 9.8489 9.8489 9.8489 12.1655 7.0711 12.1655 6.7082 5.6569 0.0000 0.0000 0.0000 
0.0000 0.0000 0.0000 2.0000 5.0000 15.6205 15.6205 4.1231 4.1231 10.1980 10.1980 10.1980 17.0294 9.0554 9.0554 8.0623 8.0623 14.0000 9.0554 6.4031 13.4164 14.2127 14.1421 13.1529 14.5602 17.2047 14.5602 13.8924 13.4164 14.5602 6.4031 13.0000 5.3852 14.1421 13.6015 13.6015 13.6015 11.6619 11.1803 8.0623 11.4018 9.2195 10.2956 9.4340 19.1050 12.0416 12.0416 11.1803 11.1803 11.1803 11.1803 9.8489 7.0711 13.9284 17.8045 15.6205 13.0384 8.2462 8.2462 10.0499 9.2195 10.0499 12.6491 11.0454 2.8284 13.6015 13.6015 13.6015 13.6015 17.8045 8.9443 8.9443 16.2788 17.6918 17.6918 17.6918 5.3852 5.3852 5.3852 12.2066 5.3852 12.3693 1.4142 1.4142 12.0830 2.2361 11.4018 11.4018 3.1623 9.8489 2.2361 2.2361 2.2361 7.0711 7.0000 15.0000 4.4721 0.0000 0.0000 0.0000 
0.0000 0.0000 0.0000 9.4340 14.8661 15.6205 3.6056 3.6056 4.1231 10.0499 10.1980 10.0499 17.0294 11.4018 17.0294 17.0294 8.0623 13.6015 9.0554 9.0554 11.4018 18.4391 18.4391 18.4391 2.2361 2.2361 14.5602 13.8924 14.5602 10.1980 14.2127 13.0000 11.4018 14.1421 14.3178 11.6619 17.8045 14.7648 14.7648 7.8102 11.1803 11.1803 19.1050 19.1050 19.1050 10.1980 5.3852 7.6158 13.4536 11.1803 6.7082 7.0711 7.0711 7.0711 13.9284 14.8661 13.0384 8.9443 8.2462 12.0416 12.0416 12.0416 10.4403 12.0416 13.6015 11.6619 11.6619 13.6015 7.2111 7.2111 8.9443 8.9443 16.2788 14.3178 14.3178 17.6918 5.3852 5.3852 5.3852 11.0454 7.2111 13.9284 1.4142 1.4142 1.4142 12.2066 2.0000 6.0828 17.6918 9.8489 5.0990 17.6918 7.0711 7.0711 12.1655 14.4222 14.5602 0.0000 0.0000 0.0000 
0.0000 0.0000 0.0000 14.7648 14.7648 15.6205 3.6056 3.6056 4.1231 10.0499 8.0623 9.4340 17.0294 4.0000 8.0623 6.4031 8.0623 8.0623 14.2127 8.0623 11.4018 19.1050 19.1050 16.1245 4.0000 14.2127 14.3178 13.8924 14.5602 14.7648 14.7648 2.8284 12.2066 8.5440 14.3178 14.3178 11.0454 19.7990 16.1245 16.1245 13.0384 16.1245 14.2127 17.6918 13.4536 13.4536 5.3852 13.6015 13.4536 11.1803 12.0416 12.0416 14.0357 14.0357 13.9284 13.0384 13.0384 17.8045 8.4853 9.4868 9.4868 9.4868 9.4340 14.8661 13.6015 11.6619 11.6619 13.6015 7.2111 7.2111 2.2361 8.9443 17.0294 14.3178 14.0357 11.0454 5.3852 17.6918 17.6918 10.2956 13.4536 13.9284 1.4142 1.4142 1.4142 10.0499 6.0828 9.0554 6.0000 2.2361 10.1980 17.6918 5.6569 12.5300 14.0000 9.0554 9.0554 0.0000 0.0000 0.0000 
0.0000 0.0000 0.0000 14.7648 12.5300 12.5300 3.6056 3.6056 3.6056 14.8661 11.1803 11.1803 4.0000 4.0000 8.0623 7.0711 8.2462 10.6301 11.4018 10.4403 11.4018 12.7279 12.7279 12.7279 16.1245 6.3246 14.3178 14.1421 9.2195 14.7648 14.7648 14.2127 17.8045 14.2127 7.2111 15.2315 13.6015 14.3178 9.2195 14.1421 9.2195 14.1421 10.2956 14.7648 12.2066 9.4340 9.4340 14.7648 13.4536 5.3852 12.0416 12.0416 8.9443 8.9443 13.0000 15.5563 15.6525 15.5563 8.4853 11.7047 9.4868 8.6023 13.9284 19.1050 13.6015 13.6015 13.6015 13.6015 13.6015 13.6015 2.2361 8.9443 13.3417 12.5300 13.4536 7.2801 7.2801 14.4222 13.4536 12.2066 7.2111 13.0000 18.4391 9.4340 9.4340 9.0554 9.0554 9.0554 9.0554 9.0554 9.0554 10.4403 9.0554 11.4018 10.0499 9.0554 9.0554 0.0000 0.0000 0.0000 
0.0000 0.0000 0.0000 14.7648 14.7648 17.8045 3.6056 3.6056 3.6056 13.4164 13.4164 5.6569 8.9443 8.0623 8.0623 6.4031 6.4031 10.6301 9.2195 9.2195 15.2643 14.2127 1.0000 12.2066 19.7990 6.3246 13.4164 8.6023 13.0384 6.3246 4.4721 5.0990 5.8310 14.3178 14.3178 14.3178 14.3178 17.8045 17.8045 16.1245 15.6205 16.1245 19.1050 14.7648 12.0830 12.2066 10.8167 8.5440 8.5440 5.3852 12.0416 8.0623 18.4391 18.4391 13.0384 13.0384 13.0384 15.5563 10.6301 9.4868 9.4868 13.9284 13.9284 19.1050 13.6015 15.6525 13.6015 11.1803 11.1803 7.0711 3.0000 11.7047 6.7082 11.7047 14.3178 14.3178 15.5563 15.5563 15.5563 15.5563 12.2066 7.6158 18.4391 17.0294 17.0294 14.0000 7.0000 6.0828 6.0000 12.6491 12.6491 12.6491 14.1421 14.1421 14.1421 14.1421 14.1421 0.0000 0.0000 0.0000 
0.0000 0.0000 0.0000 14.7648 13.0000 8.6023 4.1231 4.1231 12.0416 7.8102 12.0416 14.3178 11.7047 13.0384 8.0623 13.0000 4.1231 10.6301 11.6619 9.2195 11.7047 16.1245 1.0000 10.8167 19.7990 19.7990 12.7279 12.0830 4.4721 4.4721 14.1421 10.4403 5.8310 5.8310 7.2111 14.1421 17.8045 17.8045 13.6015 13.6015 13.6015 13.6015 19.1050 12.0830 12.2066 12.2066 12.2066 8.2462 8.5440 7.6158 9.2195 9.2195 14.8661 9.0554 13.0384 4.1231 13.0384 15.5563 15.6205 13.0384 13.0384 13.0384 13.0384 13.0384 14.8661 14.8661 8.9443 12.3693 10.2956 14.2127 10.8167 12.7279 12.7279 11.7047 14.3178 10.8167 15.5563 12.8062 15.5563 12.2066 12.2066 7.0711 7.0711 11.1803 11.6619 14.8661 7.6158 10.2956 6.0000 10.4403 10.4403 10.4403 11.0000 14.1421 14.1421 14.1421 14.1421 0.0000 0.0000 0.0000 
0.0000 0.0000 0.0000 14.7648 14.3178 4.1231 4.1231 4.4721 4.4721 14.3178 14.3178 14.3178 14.4222 14.4222 14.4222 14.4222 4.1231 10.6301 14.4222 10.6301 13.1529 15.2643 1.0000 11.6619 15.6205 14.3178 14.3178 14.3178 12.5300 8.0623 10.4403 10.4403 5.8310 5.8310 5.0000 5.0000 5.0000 13.6015 5.0990 13.6015 13.6015 13.6015 13.0384 7.2801 11.6619 11.6619 11.6619 11.6619 5.3852 7.6158 5.3852 5.3852 10.7703 8.0623 10.2956 15.2315 3.1623 5.0000 4.2426 4.2426 13.0384 19.7990 13.0384 19.1050 14.8661 14.8661 5.0000 5.0000 5.0000 10.2956 5.0000 5.0000 5.8310 5.8310 15.5563 17.0294 15.5563 15.5563 15.5563 14.8661 12.8062 14.8661 14.8661 11.1803 17.0294 6.0828 6.0828 10.2956 6.0000 9.8995 10.0499 3.1623 11.0000 14.3178 16.2788 14.1421 14.3178 0.0000 0.0000 0.0000 
0.0000 0.0000 0.0000 14.7648 14.0357 10.4403 14.0357 12.1655 14.0357 14.4222 6.0828 10.8167 8.9443 11.7047 11.7047 11.7047 17.2047 15.6205 14.4222 12.8062 12.8062 16.1245 12.6491 12.8062 15.6205 7.8102 14.3178 1.0000 8.0623 8.0623 8.0623 8.0623 16.9706 5.0000 5.0000 5.0000 11.0000 13.0384 13.6015 13.6015 13.6015 13.6015 13.6015 18.3848 6.0828 7.2801 6.4031 13.6015 5.3852 7.6158 8.0623 8.0623 19.1050 11.4018 11.4018 15.2315 5.0000 5.0000 4.2426 4.2426 13.0384 13.0384 12.0830 19.1050 14.8661 14.8661 5.0000 16.2788 19.1050 16.2788 16.2788 13.0384 13.0384 9.2195 4.2426 17.0294 10.4403 9.2195 15.2643 10.4403 12.8062 11.0454 19.7990 19.7990 17.0294 17.0294 10.0000 10.0000 11.4018 7.2801 7.2801 14.7648 14.3178 9.2195 12.6491 12.6491 9.2195 0.0000 0.0000 0.0000 
0.0000 0.0000 0.0000 10.0000 14.0357 14.0357 14.0357 12.1655 14.0357 6.3246 13.9284 10.8167 19.1050 11.7047 10.8167 11.7047 10.6301 13.0000 14.0000 12.8062 12.8062 8.0000 13.0000 11.6619 15.6205 15.6205 1.0000 1.0000 8.0623 8.0623 8.0623 8.0623 14.3178 2.2361 5.0000 5.0000 6.0828 6.0828 13.0000 13.6015 13.6015 13.6015 13.6015 9.4868 6.0828 9.4868 9.4868 6.0828 10.6301 9.4340 9.4340 9.4340 0.0000 11.4018 11.4018 11.4018 10.2956 5.0000 5.0000 4.2426 8.5440 13.0384 15.5563 14.8661 14.8661 16.1245 16.1245 11.6619 10.2956 16.2788 16.2788 13.0384 13.0384 13.8924 4.2426 9.2195 13.0384 13.0384 15.2643 2.0000 2.0000 8.0623 16.1245 11.0454 17.8045 17.0294 10.0000 10.0000 7.2801 7.2801 7.2801 14.7648 18.3848 18.3848 14.1421 9.2195 9.2195 0.0000 0.0000 0.0000 
0.0000 0.0000 0.0000 10.0000 16.9706 16.9706 6.0828 6.0828 6.0828 6.0828 10.0000 19.1050 19.1050 15.8114 15.8114 15.8114 15.8114 15.8114 15.8114 13.0000 7.6158 17.2047 10.1980 11.6619 17.2047 5.8310 8.0623 9.4340 8.0623 8.0623 8.0623 8.0623 13.3417 13.3417 10.7703 10.7703 6.0828 11.0454 14.0000 13.6015 13.6015 13.6015 10.6301 10.6301 10.6301 10.6301 10.6301 6.0828 10.6301 2.0000 8.9443 8.9443 8.9443 11.4018 11.4018 10.2956 15.2315 5.0000 4.1231 4.2426 8.5440 12.0830 15.5563 15.5563 8.5440 13.3417 11.6619 11.6619 15.2643 14.1421 14.1421 14.1421 13.9284 13.8924 13.8924 3.1623 4.2426 8.9443 15.2643 2.0000 11.0454 8.0623 16.1245 12.0416 17.8045 17.8045 7.2801 13.3417 7.2801 6.7082 7.8102 4.1231 6.7082 6.7082 14.1421 14.1421 14.1421 0.0000 0.0000 0.0000 
0.0000 0.0000 0.0000 16.9706 12.0416 9.8995 10.0000 10.0000 6.0828 18.4391 18.4391 13.4536 13.4536 8.6023 11.7047 12.1655 9.2195 3.1623 12.1655 12.1655 17.2047 17.2047 3.1623 3.6056 17.2047 17.2047 8.0623 9.4340 10.4403 8.0623 8.0623 8.0623 7.0711 13.3417 7.0711 7.0711 11.6619 14.7648 14.7648 14.3178 14.3178 9.8489 9.8489 15.2643 11.0454 9.2195 14.0357 14.0357 10.6301 2.0000 4.1231 8.9443 8.9443 15.2315 15.2315 15.2315 15.0000 2.0000 15.2643 3.0000 4.2426 14.3178 7.0000 13.4164 13.4164 13.4164 13.0384 13.4164 6.4031 14.5602 11.6619 17.6918 17.6918 13.8924 13.8924 15.8114 15.8114 15.8114 15.2643 2.0000 11.0454 11.0454 5.8310 16.6433 17.0294 17.0294 7.2801 13.3417 7.2801 7.2801 7.2801 18.3848 6.7082 6.7082 7.2801 3.6056 9.2195 0.0000 0.0000 0.0000 
0.0000 0.0000 0.0000 1.4142 1.4142 10.4403 10.0000 10.0000 9.8995 12.0000 13.6015 13.4536 13.6015 1.4142 1.4142 11.7047 9.2195 14.3178 11.4018 9.4340 9.4340 9.4340 13.0000 15.8114 12.2066 12.2066 12.2066 13.0000 16.4012 8.0623 9.2195 6.7082 6.7082 8.4853 11.4018 8.4853 11.6619 14.7648 10.7703 14.3178 11.4018 9.8489 9.8489 8.9443 11.0454 10.4403 14.0357 14.0357 10.6301 16.4012 16.4012 8.9443 9.4340 9.4340 15.2315 15.2315 15.2315 15.2643 11.7047 8.9443 8.9443 5.8310 5.8310 13.4164 6.3246 6.3246 16.6433 12.0000 9.0000 5.8310 13.0000 7.0711 13.0000 12.8062 13.8924 13.8924 12.8062 9.0554 13.9284 2.0000 15.0000 15.0000 16.1245 16.6433 11.4018 11.4018 11.1803 7.2801 7.2801 7.2801 6.7082 6.7082 6.7082 6.7082 2.2361 1.4142 17.6918 0.0000 0.0000 0.0000 
0.0000 0.0000 0.0000 13.9284 10.4403 5.8310 10.0000 10.0000 9.8995 14.3178 14.3178 13.4536 1.4142 1.4142 1.4142 11.1803 15.8114 13.6015 10.8167 9.4340 9.4340 9.4340 13.0000 13.4536 9.0000 9.0000 9.0000 11.4018 8.5440 8.5440 9.2195 11.6619 7.0711 14.8661 14.5602 10.7703 14.8661 14.7648 14.7648 14.8661 14.8661 9.8489 9.8489 9.4868 11.0454 9.4868 14.0357 10.0499 14.8661 14.8661 14.8661 14.8661 10.2956 10.2956 15.2315 15.2315 2.8284 11.7047 11.7047 3.6056 7.0000 5.8310 5.8310 5.8310 8.5440 12.0416 11.6619 15.2643 11.6619 11.6619 8.4853 8.4853 12.0416 13.8924 13.8924 13.8924 13.8924 7.2801 8.0623 1.0000 7.2801 6.7082 16.1245 16.6433 2.8284 1.0000 7.6158 7.6158 7.2801 7.2801 7.2801 7.2801 6.7082 6.7082 17.0294 17.0294 17.6918 0.0000 0.0000 0.0000 
0.0000 0.0000 0.0000 8.0000 14.7648 10.0000 10.0000 10.0000 11.4018 2.2361 11.4018 13.4536 11.4018 1.4142 1.4142 9.0554 8.2462 15.8114 6.0828 9.4340 9.4340 7.2111 7.2111 15.2643 12.2066 13.4536 15.0000 15.0000 15.0000 15.0000 1.0000 3.6056 7.2801 13.6015 6.3246 8.6023 14.5602 7.2111 13.9284 9.0000 9.4868 9.0000 9.0000 13.0384 13.0384 8.0000 8.0000 10.0499 13.0384 13.0384 4.1231 14.3178 14.3178 14.3178 15.2315 15.2315 2.8284 2.8284 2.8284 3.6056 3.6056 3.6056 5.8310 5.8310 6.3246 7.6158 11.6619 7.2801 7.2801 7.2801 13.4536 13.4536 13.4536 12.0416 16.1245 11.3137 17.2047 10.8167 11.1803 14.1421 14.7648 14.7648 11.4018 16.6433 12.0000 9.4868 7.2801 13.0000 7.8102 7.2801 12.7279 5.3852 6.7082 6.7082 6.4031 19.1050 17.6918 0.0000 0.0000 0.0000 
0.0000 0.0000 0.0000 14.7648 15.2643 14.3178 10.6301 12.8062 11.4018 13.4536 7.2111 13.4536 8.9443 1.4142 1.4142 7.0000 7.0000 14.1421 6.0828 6.0828 18.3848 10.0499 10.7703 10.7703 8.0000 8.0000 11.3137 7.0711 1.0000 14.0357 1.0000 7.6158 11.6619 6.3246 6.3246 19.1050 19.1050 7.2111 15.0000 11.0454 4.0000 9.0000 9.0000 13.0384 6.0000 5.3852 8.0000 13.0384 13.0384 13.0384 13.0384 8.2462 14.3178 10.2956 8.2462 14.5602 14.4222 17.0294 2.8284 17.0294 3.6056 3.6056 5.8310 5.8310 14.3178 8.0623 7.6158 7.2801 7.2801 2.2361 13.4536 13.4536 13.4536 12.0416 16.1245 13.3417 13.3417 14.3178 14.1421 14.1421 11.1803 14.7648 14.0357 12.3693 12.3693 9.4868 9.4868 12.5300 6.4031 13.3417 2.8284 13.3417 8.5440 8.5440 6.0000 6.0000 14.4222 0.0000 0.0000 0.0000 
0.0000 0.0000 0.0000 7.0711 14.3178 14.3178 5.0990 8.0623 14.8661 14.8661 1.4142 11.7047 11.4018 7.2801 7.2801 7.0000 7.0000 14.1421 10.4403 14.1421 16.1245 10.0499 10.0499 5.0000 5.0000 13.6015 14.0357 7.0711 10.0000 14.0357 10.0000 7.6158 13.8924 13.6015 13.6015 19.1050 7.2111 7.2111 4.0000 7.2801 12.0416 12.0416 4.0000 12.0416 6.0000 12.0416 10.0000 13.8924 13.0384 13.0384 13.0384 13.0384 13.0384 6.0000 13.0384 8.9443 8.9443 14.4222 11.4018 17.0294 11.3137 3.6056 11.4018 5.8310 2.8284 12.2066 7.6158 12.6491 2.2361 2.2361 13.4536 13.4536 13.4536 4.0000 10.0000 10.0000 10.0000 10.0000 6.7082 6.7082 6.7082 6.7082 12.1655 7.6158 7.6158 7.6158 14.8661 13.4164 13.3417 14.7648 12.7279 6.0000 6.0000 4.1231 6.4031 14.8661 14.4222 0.0000 0.0000 0.0000 
0.0000 0.0000 0.0000 7.0711 14.5602 14.3178 14.1421 13.0000 8.6023 8.6023 1.4142 11.4018 11.4018 1.4142 7.2801 7.0000 14.4222 6.7082 10.4403 17.6918 14.4222 7.2111 10.0499 5.0000 5.0000 13.6015 12.0416 10.4403 10.0000 11.0454 10.0000 2.2361 13.6015 7.2111 7.2111 7.2111 7.2111 7.2111 7.2111 14.7648 14.7648 7.2111 14.7648 12.0416 14.0000 14.0000 11.6619 13.8924 13.6015 13.0384 13.0384 13.0384 14.8661 8.2462 14.8661 14.8661 8.9443 14.4222 7.6158 10.0000 11.3137 3.6056 2.2361 5.8310 12.0416 12.2066 5.8310 7.6158 15.2643 15.2643 15.2643 13.4536 14.8661 14.8661 14.8661 14.8661 17.8045 14.3178 19.1050 14.1421 11.7047 12.0416 12.1655 7.6158 7.2801 7.6158 14.0357 6.0828 10.1980 6.4031 14.4222 13.3417 16.6433 4.1231 4.1231 8.5440 4.1231 0.0000 0.0000 0.0000 
0.0000 0.0000 0.0000 17.8045 14.0000 14.3178 12.0830 8.0623 8.6023 8.6023 8.6023 8.9443 8.9443 1.4142 17.2047 7.0000 14.4222 11.4018 10.4403 10.4403 5.8310 7.2111 17.6918 19.1050 8.9443 10.4403 4.1231 12.6491 11.0454 11.0454 11.0454 2.2361 16.6433 10.2956 10.2956 1.4142 10.2956 9.2195 9.2195 14.7648 3.1623 3.1623 8.9443 8.9443 8.9443 6.0000 9.8995 13.8924 13.0384 13.0384 13.0384 13.0384 13.0384 14.5602 3.6056 10.7703 10.1980 10.1980 10.0000 10.0000 11.3137 9.8995 9.8995 6.7082 12.0416 12.0416 12.2066 14.4222 4.4721 18.4391 15.2643 13.0384 14.8661 15.2643 14.8661 14.8661 14.3178 14.3178 19.1050 14.3178 11.7047 10.7703 9.0554 7.2801 7.2801 7.6158 12.8062 6.0828 12.8062 12.8062 14.4222 12.3693 3.1623 3.1623 15.2643 7.2801 17.8045 0.0000 0.0000 0.0000 
0.0000 0.0000 0.0000 14.2127 14.5602 14.3178 12.0830 1.4142 12.0830 12.0830 12.0830 11.0454 8.9443 17.8045 17.8045 5.0000 17.8045 2.2361 2.2361 17.6918 5.8310 7.2111 7.2111 6.0828 8.0623 13.6015 17.6918 10.7703 12.2066 14.2127 14.2127 1.4142 1.4142 1.4142 1.4142 1.4142 3.1623 9.2195 9.2195 15.6205 5.0990 5.0990 5.8310 5.8310 8.9443 5.8310 9.8995 4.4721 17.8045 13.0000 13.0384 15.6205 6.4031 8.4853 10.1980 18.4391 18.4391 13.6015 6.0828 11.1803 18.3848 13.0384 6.0828 12.0416 12.0416 12.0416 12.0416 2.8284 19.1050 14.8661 15.2643 14.8661 12.0416 9.8995 14.8661 9.8995 14.3178 14.3178 5.6569 13.1529 13.1529 13.1529 12.0416 13.4164 12.0416 12.0416 8.0000 8.5440 13.3417 5.0990 10.0000 13.3417 8.9443 7.2801 7.2801 7.2801 7.2801 0.0000 0.0000 0.0000 
0.0000 0.0000 0.0000 7.8102 14.0357 16.1245 12.0830 5.6569 12.8062 11.0454 12.0830 11.0454 14.5602 4.4721 4.4721 14.4222 8.0623 14.4222 2.2361 14.7648 5.8310 5.0990 6.0828 6.0828 4.2426 11.1803 17.6918 4.4721 4.1231 11.4018 1.4142 1.4142 2.2361 18.4391 1.4142 12.2066 12.2066 9.2195 9.2195 15.6205 15.6205 9.4868 2.0000 3.0000 17.6918 8.5440 15.5563 15.5563 14.1421 14.2127 14.2127 12.0416 9.0554 8.4853 8.4853 13.4164 18.4391 13.4164 8.0623 18.3848 18.3848 9.2195 16.4012 6.7082 2.8284 13.0384 2.8284 15.2643 15.2643 14.8661 15.2643 14.8661 14.8661 9.8995 6.4031 6.4031 4.4721 14.3178 5.6569 6.4031 13.1529 13.1529 9.0554 12.5300 12.5300 8.0000 8.0000 8.0000 12.7279 5.0000 5.0000 5.0000 5.0000 9.8489 7.2801 7.2801 7.2801 0.0000 0.0000 0.0000 
0.0000 0.0000 0.0000 14.0357 14.0357 14.0357 10.1980 7.2111 12.8062 12.0416 12.0416 8.5440 14.3178 4.4721 15.2643 14.2127 14.2127 13.1529 13.8924 14.2127 5.0000 13.0384 6.0828 6.0828 12.7279 7.0711 9.0000 13.0384 13.0384 4.1231 11.4018 11.4018 2.2361 8.6023 12.2066 12.2066 12.2066 16.9706 16.9706 15.6205 15.6205 12.0416 12.0416 11.0000 11.0000 15.0000 2.0000 2.0000 14.1421 12.5300 12.2066 12.0416 13.0384 10.4403 13.6015 13.6015 17.2047 18.4391 10.1980 10.1980 18.3848 16.1245 12.5300 12.2066 12.2066 13.0384 12.2066 15.2643 15.2643 14.8661 14.8661 14.8661 12.0416 4.0000 8.2462 13.0384 13.0384 6.4031 6.4031 6.4031 6.4031 13.1529 12.5300 5.8310 7.2801 8.0000 8.0000 8.0000 8.0000 5.0000 5.0000 5.0000 5.8310 9.8489 11.0454 12.6491 11.0454 0.0000 0.0000 0.0000 
0.0000 0.0000 0.0000 12.0000 14.0357 3.6056 7.2111 7.2111 11.4018 14.0357 12.0416 11.4018 11.4018 17.8045 10.1980 6.3246 1.4142 13.8924 13.1529 14.7648 5.0000 15.6525 12.7279 12.7279 12.7279 12.7279 16.1245 12.6491 12.6491 14.1421 13.1529 3.1623 14.1421 2.8284 2.0000 12.2066 16.9706 16.9706 16.9706 15.6205 5.0990 5.0990 10.0499 11.0000 11.0000 15.0000 2.0000 2.0000 9.0000 9.0554 12.2066 13.0000 14.3178 13.6015 13.6015 13.6015 6.3246 10.8167 10.1980 10.1980 9.4340 8.0623 8.9443 12.2066 8.9443 8.9443 14.4222 15.2643 14.4222 18.4391 18.4391 18.4391 12.0416 2.8284 12.0416 12.0416 10.7703 6.4031 6.4031 14.1421 12.6491 12.0000 12.6491 12.6491 11.1803 2.0000 2.0000 6.4031 6.4031 6.4031 6.0828 10.0000 9.8489 9.8489 10.0000 13.3417 11.0454 0.0000 0.0000 0.0000 
0.0000 0.0000 0.0000 19.1050 19.1050 6.7082 5.6569 7.2111 12.2066 11.4018 12.0830 11.4018 11.4018 13.4536 14.0357 6.3246 1.4142 6.3246 6.3246 14.7648 11.4018 10.0000 12.7279 12.7279 7.2111 6.0828 16.1245 11.1803 12.2066 12.2066 5.8310 3.1623 2.8284 5.8310 2.0000 5.8310 12.1655 13.0000 13.0000 11.0000 5.0990 11.0000 11.0000 11.0000 11.0000 14.8661 2.0000 2.0000 9.0000 2.0000 12.2066 13.1529 12.0416 13.6015 13.6015 13.6015 14.8661 19.1050 15.2643 9.8489 13.0384 16.1245 8.9443 8.0000 12.0416 8.6023 8.6023 15.2643 14.4222 14.4222 14.4222 14.4222 12.0416 12.0416 12.0416 12.8062 12.8062 16.6433 18.3848 7.0711 6.4031 12.0000 7.2801 11.6619 13.6015 11.0000 6.4031 11.1803 6.4031 11.1803 10.0000 10.2956 10.2956 9.8489 8.0623 8.0623 11.0454 0.0000 0.0000 0.0000 
0.0000 0.0000 0.0000 7.6158 7.6158 7.6158 7.2111 13.0000 13.0000 13.0000 11.4018 11.4018 11.4018 4.0000 10.8167 11.4018 11.4018 11.4018 18.4391 14.7648 11.4018 11.4018 6.0828 16.1245 7.2111 16.1245 16.1245 12.2066 12.2066 12.2066 12.2066 14.2127 12.2066 16.9706 2.0000 5.8310 16.9706 16.9706 8.5440 8.5440 16.2788 14.1421 14.1421 17.6918 4.1231 10.4403 2.0000 2.0000 9.0000 2.0000 12.2066 13.1529 12.0416 12.6491 13.6015 6.3246 6.3246 19.1050 8.2462 13.0384 14.1421 8.0623 8.9443 8.0000 10.0000 8.6023 8.6023 15.2643 14.4222 18.4391 14.4222 13.4536 2.2361 8.2462 15.6205 16.4012 16.4012 7.0711 16.4012 7.0711 12.5300 12.5300 17.6918 8.6023 11.1803 11.0000 6.4031 11.1803 11.1803 11.1803 17.0294 17.0294 6.3246 6.3246 8.0623 8.0623 11.0454 0.0000 0.0000 0.0000 
0.0000 0.0000 0.0000 11.3137 11.3137 11.6619 10.0499 13.0000 7.0711 11.4018 11.4018 11.4018 11.4018 4.0000 4.0000 11.4018 11.4018 15.0000 6.3246 11.4018 11.4018 11.4018 16.1245 8.5440 8.5440 13.0000 13.0000 8.5440 8.5440 14.1421 16.1245 14.1421 12.2066 4.4721 16.9706 19.1050 16.9706 16.9706 16.9706 7.8102 15.6525 15.6525 14.8661 11.0000 4.1231 4.1231 4.1231 8.9443 9.0000 6.0828 9.4868 13.1529 15.2315 12.8062 13.6015 13.1529 8.0623 19.1050 14.3178 9.8489 13.0384 8.9443 16.6433 16.6433 10.0000 5.3852 12.5300 11.6619 14.4222 18.4391 14.4222 8.0623 2.2361 10.4403 13.0384 10.4403 12.8062 10.2956 18.3848 7.0711 6.4031 12.0830 10.7703 15.2315 9.2195 11.0000 9.2195 13.6015 13.6015 6.4031 6.4031 10.0000 10.0000 13.6015 8.0623 8.0623 14.1421 0.0000 0.0000 0.0000 
0.0000 0.0000 0.0000 4.4721 7.6158 7.6158 7.6158 8.0623 11.0000 10.8167 10.8167 6.0000 6.0000 11.4018 13.4536 11.4018 12.0830 12.0830 12.0830 18.4391 11.4018 11.4018 15.6525 15.6525 15.5563 13.4164 9.4868 18.4391 12.3693 14.1421 14.8661 8.9443 7.2111 2.8284 2.8284 19.1050 13.9284 17.6918 17.6918 17.6918 17.6918 12.8062 7.6158 17.0294 4.1231 4.1231 4.1231 4.1231 10.1980 10.1980 6.0828 13.1529 13.1529 13.4164 12.8062 13.1529 14.8661 19.1050 14.3178 14.3178 14.3178 13.8924 13.8924 11.0000 13.8924 15.6525 11.6619 11.6619 16.6433 19.1050 19.1050 8.2462 19.1050 10.4403 9.4868 13.9284 14.8661 14.8661 17.2047 13.9284 6.4031 12.0830 10.7703 10.0499 14.2127 14.2127 12.2066 13.6015 14.8661 7.0711 6.4031 18.4391 18.4391 18.4391 8.0623 8.0623 11.0454 0.0000 0.0000 0.0000 
0.0000 0.0000 0.0000 11.4018 13.0000 11.4018 11.4018 11.4018 8.9443 8.9443 8.9443 6.0000 6.0000 10.0499 9.8995 12.0830 12.0830 12.0830 12.0830 18.4391 9.4868 15.6525 15.6525 15.2315 7.2111 11.1803 7.0711 18.4391 10.6301 10.6301 10.6301 8.2462 9.4868 13.1529 7.6158 9.4868 12.7279 17.6918 17.6918 17.6918 17.6918 15.5563 7.6158 9.0000 15.8114 4.1231 4.1231 4.1231 4.1231 10.1980 6.0828 18.4391 13.4164 13.4164 12.8062 13.1529 14.8661 8.4853 14.3178 14.3178 14.3178 9.8489 13.8924 4.4721 16.6433 10.0000 8.2462 8.2462 16.6433 16.6433 17.6918 8.2462 6.7082 6.7082 13.6015 18.4391 11.7047 10.2956 8.0623 12.0830 12.0830 12.0830 10.7703 12.0830 14.2127 13.0000 13.0000 3.0000 14.8661 8.0000 11.1803 8.0000 18.4391 14.8661 16.9706 16.9706 11.0454 0.0000 0.0000 0.0000 
0.0000 0.0000 0.0000 11.4018 13.0000 11.4018 11.4018 8.6023 13.9284 8.9443 8.9443 6.0000 6.0000 6.0000 9.8995 11.0000 10.4403 12.0830 12.0830 18.4391 14.7648 14.7648 14.7648 15.2315 11.1803 11.1803 11.1803 10.6301 12.3693 5.0000 5.0000 7.6158 3.6056 11.4018 6.3246 10.6301 6.3246 13.0000 13.9284 13.9284 13.4536 14.3178 7.6158 14.3178 3.6056 4.1231 4.1231 8.5440 8.5440 10.1980 6.0828 13.4164 13.4164 13.4164 13.4164 13.4164 14.8661 19.1050 19.1050 7.2801 7.6158 16.2788 13.0384 12.6491 12.6491 15.0000 15.0000 16.1245 16.4012 16.4012 17.6918 13.0384 2.2361 5.0000 13.6015 7.2111 7.2111 13.6015 13.6015 12.0830 5.0000 10.0000 9.8995 11.4018 11.4018 1.0000 1.0000 13.6015 13.6015 4.4721 13.3417 13.3417 10.7703 15.5563 7.2801 6.0828 6.0828 0.0000 0.0000 0.0000 
0.0000 0.0000 0.0000 10.6301 3.0000 3.0000 3.0000 8.9443 8.9443 8.9443 8.9443 8.9443 4.2426 7.2111 9.8995 14.2127 8.0623 8.0623 5.3852 18.4391 5.0000 7.6158 6.0828 15.2315 11.1803 11.1803 13.6015 14.3178 14.3178 13.0000 14.2127 8.2462 8.2462 8.2462 14.8661 10.6301 6.3246 14.8661 17.6918 15.5563 15.5563 15.5563 14.3178 5.6569 13.3417 4.1231 16.6433 18.3848 18.3848 10.1980 18.3848 5.8310 13.4164 13.4164 12.3693 11.3137 13.6015 13.6015 6.0828 6.0828 7.6158 9.8489 15.8114 10.4403 15.8114 15.8114 15.8114 16.1245 11.0000 16.4012 17.6918 14.3178 7.0711 13.4536 13.6015 13.6015 7.2111 13.6015 12.0000 12.0830 2.2361 10.0000 10.0000 11.4018 11.4018 13.6015 13.0000 13.6015 18.4391 10.8167 13.3417 13.3417 10.7703 18.4391 11.0000 10.0499 10.0499 0.0000 0.0000 0.0000 
0.0000 0.0000 0.0000 12.0416 9.0000 10.6301 10.4403 8.9443 9.4340 9.4340 19.1050 8.9443 8.9443 13.0384 6.0000 14.2127 6.0000 16.4012 5.3852 10.0000 13.1529 13.1529 13.1529 15.2315 15.2315 9.8489 13.6015 2.2361 13.9284 13.0000 7.0711 14.1421 14.1421 14.0357 14.0357 11.6619 9.8995 14.8661 3.6056 17.6918 14.0000 15.5563 7.6158 14.0000 14.0357 17.0294 2.0000 14.1421 13.9284 8.2462 10.8167 16.1245 17.0294 13.4164 8.5440 13.0000 13.0000 13.0000 6.0828 14.0357 7.6158 12.0000 14.8661 14.8661 9.4868 12.0416 15.0000 13.4536 14.4222 17.6918 17.6918 14.3178 15.2315 14.8661 7.6158 13.6015 16.4012 13.6015 12.0000 8.5440 9.0000 9.0000 9.0000 9.0000 9.0000 13.6015 18.4391 13.6015 17.8045 7.2111 8.0000 5.8310 10.7703 13.4536 6.0828 13.4536 6.0828 0.0000 0.0000 0.0000 
0.0000 0.0000 0.0000 2.8284 2.8284 10.6301 4.0000 8.9443 8.9443 8.9443 13.0384 8.9443 13.0000 9.8995 6.0000 10.1980 13.4536 13.4536 14.8661 16.1245 7.0711 4.2426 13.0000 13.0000 4.4721 4.4721 13.6015 13.6015 13.6015 13.0000 7.0711 14.1421 11.4018 11.4018 14.8661 13.9284 12.3693 12.3693 12.3693 15.6525 14.0000 15.5563 14.0000 14.0000 13.9284 13.9284 13.9284 12.2066 13.9284 13.9284 6.0828 16.1245 15.6525 15.6525 15.6525 12.0416 13.0000 13.0000 13.0000 13.0000 13.0000 11.3137 12.0830 12.0416 11.7047 12.0416 15.0000 13.4536 5.3852 5.3852 11.1803 15.2643 14.8661 14.8661 10.2956 10.2956 10.2956 7.6158 12.0000 15.6525 10.0000 9.0000 9.0000 9.0000 9.0000 13.6015 8.0000 8.0000 13.0000 8.0000 13.6015 13.0384 9.8489 8.6023 6.0828 9.8489 6.0828 0.0000 0.0000 0.0000 
0.0000 0.0000 0.0000 2.8284 9.4868 2.8284 4.0000 4.0000 8.9443 8.9443 8.9443 8.9443 8.9443 5.0990 10.1980 10.1980 10.1980 14.8661 14.8661 12.0416 13.4536 16.2788 12.0416 9.0554 2.0000 7.0711 7.0711 1.0000 11.1803 13.0000 14.1421 14.1421 10.4403 9.0554 16.4012 13.4164 16.6433 9.2195 12.3693 7.2801 12.3693 13.0000 11.4018 11.4018 7.8102 7.8102 7.8102 7.0000 19.1050 8.2462 10.1980 16.4012 5.8310 15.6525 15.6525 15.6525 7.8102 13.0000 13.0000 13.0000 13.0000 14.3178 18.3848 10.4403 14.4222 14.4222 14.4222 14.4222 5.8310 14.4222 14.0357 15.2643 14.3178 17.6918 7.0000 14.0357 15.2643 7.6158 7.6158 7.6158 7.6158 9.0000 9.0000 3.6056 9.0000 3.6056 8.0000 8.0000 8.0000 8.0000 13.6015 13.6015 13.6015 17.0294 11.0000 9.8489 11.4018 0.0000 0.0000 0.0000 
0.0000 0.0000 0.0000 2.8284 12.2066 2.8284 4.0000 4.0000 4.0000 13.4164 8.9443 8.9443 5.0000 5.0990 13.6015 10.1980 10.1980 10.0000 18.4391 16.6433 16.6433 16.2788 2.0000 15.8114 15.8114 7.0711 7.0711 1.0000 5.0990 5.0990 13.0000 7.2111 9.0554 9.0554 16.4012 14.1421 8.0623 9.2195 12.3693 15.2315 17.6918 14.0000 9.2195 11.4018 11.4018 13.4536 7.0000 7.0000 7.2111 13.6015 10.1980 10.1980 5.8310 9.2195 7.0711 3.1623 13.6015 13.0000 13.0000 13.0000 13.0000 8.0623 8.0623 15.8114 11.7047 14.4222 14.4222 14.4222 14.4222 3.1623 14.3178 14.3178 12.8062 8.6023 10.0000 10.0000 15.2643 15.2643 7.6158 8.0000 17.0294 18.4391 8.6023 9.2195 8.6023 7.0000 6.7082 5.8310 11.4018 6.7082 13.6015 11.1803 8.5440 11.0454 11.0454 16.2788 11.4018 0.0000 0.0000 0.0000 
0.0000 0.0000 0.0000 5.0990 4.1231 18.4391 4.0000 1.4142 12.0000 0.0000 9.8995 9.8995 5.0000 13.6015 11.1803 10.1980 10.1980 10.0000 3.1623 14.1421 14.1421 14.8661 11.7047 11.7047 11.7047 7.0711 11.7047 5.0990 5.0990 13.0000 13.0000 7.2111 10.4403 3.1623 4.2426 12.5300 17.6918 4.2426 4.2426 14.0000 2.2361 10.2956 10.2956 12.7279 18.3848 13.3417 13.3417 13.3417 16.1245 11.1803 11.1803 10.1980 10.1980 10.1980 13.6015 13.6015 13.6015 13.0000 7.8102 11.1803 7.8102 10.0499 10.0499 10.0499 10.0499 14.4222 7.0711 7.0711 11.0000 3.1623 3.1623 12.8062 12.8062 13.0384 6.7082 6.7082 8.0000 6.7082 8.0000 10.7703 17.0294 8.6023 8.6023 18.4391 7.0000 7.0000 6.7082 13.0384 15.2643 14.8661 13.6015 11.1803 9.4340 13.0384 9.2195 9.2195 13.0000 0.0000 0.0000 0.0000 
0.0000 0.0000 0.0000 5.0990 8.4853 12.0000 12.0000 12.0000 12.0000 12.0000 13.4164 16.2788 8.6023 13.6015 13.6015 13.4536 12.7279 8.9443 12.7279 12.7279 14.1421 10.0000 5.6569 13.3417 11.7047 7.8102 3.1623 16.1245 13.6015 13.6015 13.6015 9.0554 9.0554 9.0554 9.0554 12.5300 3.1623 3.1623 3.1623 17.2047 15.2315 10.2956 9.0000 9.0000 16.6433 14.7648 14.7648 14.7648 10.7703 10.7703 10.7703 10.7703 10.4403 7.2111 18.4391 18.4391 8.6023 13.0000 13.0000 13.0000 14.0357 10.0499 15.8114 15.8114 14.8661 14.4222 15.8114 13.0000 13.0000 13.0000 3.1623 9.2195 11.0000 13.0384 10.0499 10.0499 8.6023 10.0000 10.0000 10.0000 17.8045 18.4391 14.3178 18.4391 7.0000 7.0000 17.8045 5.0000 8.0623 13.1529 12.0000 11.1803 11.4018 12.3693 11.4018 11.4018 12.0416 0.0000 0.0000 0.0000 
0.0000 0.0000 0.0000 5.0990 12.0000 12.0000 12.0000 12.0000 12.0000 12.0000 13.8924 16.2788 14.5602 13.6015 13.0000 17.6918 12.7279 14.1421 14.1421 5.0000 14.1421 10.0000 14.8661 12.3693 7.8102 7.8102 3.1623 3.1623 10.8167 3.6056 13.4536 12.2066 5.3852 13.6015 13.9284 2.8284 5.3852 3.1623 5.3852 16.6433 4.4721 18.3848 18.3848 9.0000 14.7648 14.7648 14.7648 14.7648 17.8045 5.0000 5.0000 13.0000 13.0000 13.0000 18.3848 19.1050 19.1050 13.0000 10.8167 13.0000 5.3852 10.0499 10.0499 14.0357 14.4222 12.1655 13.4164 13.4164 13.4164 6.4031 13.0384 13.0384 2.2361 2.2361 10.0499 14.3178 8.0000 8.0000 10.0000 10.0000 19.7990 18.4391 10.0000 10.0000 10.8167 7.0000 4.4721 12.0000 12.0000 12.0000 12.0000 11.1803 13.3417 12.3693 11.6619 14.4222 12.0416 0.0000 0.0000 0.0000 
0.0000 0.0000 0.0000 17.0294 1.0000 7.2801 7.2801 7.2801 16.9706 16.2788 16.2788 12.0416 15.2315 7.2111 7.2111 13.0000 9.2195 12.6491 12.6491 14.1421 13.4164 7.0711 12.3693 12.3693 12.3693 16.2788 16.6433 11.0454 3.6056 3.6056 13.4536 10.8167 16.1245 5.3852 13.9284 10.8167 10.8167 15.2315 14.3178 8.0623 11.0454 11.0454 11.0454 10.4403 10.4403 10.4403 14.7648 14.7648 5.0000 5.0000 13.0000 13.0000 13.0000 16.6433 18.3848 10.8167 10.8167 10.8167 10.8167 5.3852 13.9284 7.2801 10.0499 14.0357 14.0357 12.1655 7.0711 11.4018 17.6918 6.4031 13.0384 13.0384 2.2361 11.3137 10.0499 10.0499 8.6023 8.0000 13.6015 10.0000 10.0000 6.3246 6.3246 7.2801 10.8167 7.0000 2.8284 7.6158 7.6158 7.6158 5.8310 11.1803 6.0828 12.3693 10.4403 13.0384 10.4403 0.0000 0.0000 0.0000 
0.0000 0.0000 0.0000 11.1803 11.1803 11.1803 11.7047 1.4142 7.2111 16.2788 12.0416 7.2111 7.2111 7.2111 13.0000 12.0416 12.0416 14.0000 14.0000 14.0000 14.0000 12.3693 11.7047 6.0828 10.0499 7.8102 5.0990 5.0990 3.6056 11.1803 9.4340 4.2426 16.1245 10.6301 10.6301 12.1655 10.8167 15.2315 15.2315 10.8167 11.0454 7.0000 10.4403 10.4403 10.4403 10.4403 14.7648 14.7648 10.0000 9.0554 12.7279 15.6525 13.1529 13.1529 13.1529 13.1529 13.1529 14.2127 14.2127 5.3852 13.6015 13.6015 13.6015 13.0384 12.1655 12.1655 14.5602 6.4031 11.4018 11.4018 11.4018 13.0384 13.0384 10.0499 10.0499 7.0711 16.4012 14.4222 7.2111 11.0000 11.0000 11.0000 14.3178 11.0000 11.0000 4.2426 7.6158 7.6158 7.6158 7.6158 13.1529 11.1803 12.6491 12.6491 12.6491 13.0384 18.4391 0.0000 0.0000 0.0000 
0.0000 0.0000 0.0000 4.1231 15.2643 8.2462 11.7047 5.3852 5.0990 16.2788 16.2788 9.4340 5.0000 7.2111 17.6918 13.0000 13.3417 14.0000 14.0000 14.0000 10.8167 9.2195 10.6301 10.6301 14.5602 6.0828 1.4142 10.0000 6.0828 16.1245 10.8167 9.8489 9.8489 10.6301 11.1803 9.8489 9.8489 13.6015 13.9284 17.6918 11.0454 8.0623 12.3693 14.3178 10.4403 14.3178 5.8310 12.6491 12.6491 16.1245 14.8661 15.6525 16.6433 16.6433 14.2127 19.1050 13.1529 11.6619 14.2127 5.3852 13.6015 13.6015 13.6015 14.4222 16.1245 16.1245 12.6491 8.0623 6.7082 16.1245 12.0000 13.0384 9.0000 16.4012 16.4012 12.6491 12.6491 12.6491 4.1231 5.0000 14.4222 5.0990 14.3178 11.0000 11.0000 4.2426 4.2426 10.6301 12.0416 13.1529 8.9443 11.7047 12.6491 12.6491 12.6491 13.0384 13.0000 0.0000 0.0000 0.0000 
0.0000 0.0000 0.0000 4.1231 5.8310 10.2956 15.2643 5.3852 5.0990 13.4536 17.0294 12.0416 17.6918 14.1421 17.6918 17.6918 12.5300 14.0000 17.6918 5.0990 10.8167 10.0499 10.0499 10.0499 15.5563 15.5563 16.2788 10.0000 11.0454 8.0623 10.8167 9.8489 9.8489 15.8114 15.2315 15.8114 9.8489 5.8310 14.3178 12.1655 16.4012 12.0830 10.1980 8.0000 18.3848 13.0384 5.8310 12.6491 12.6491 14.7648 14.8661 14.7648 19.1050 14.2127 14.2127 14.7648 13.1529 13.6015 19.1050 5.3852 13.6015 13.6015 13.6015 13.0384 14.4222 14.4222 12.0000 12.0000 13.4536 14.7648 14.8661 13.0384 18.4391 1.4142 1.4142 4.1231 12.6491 12.6491 4.1231 11.0000 14.3178 14.3178 4.1231 11.0000 11.0000 13.0000 2.2361 2.2361 13.1529 13.1529 12.0416 12.0416 12.0416 8.0623 13.0000 13.0000 13.0000 0.0000 0.0000 0.0000 
0.0000 0.0000 0.0000 11.4018 4.1231 13.9284 15.2643 12.0830 17.2047 5.8310 5.0000 5.0000 5.0000 6.7082 1.0000 15.2315 15.2315 15.2315 11.4018 14.2127 10.8167 10.0499 10.0499 10.0499 9.4868 7.8102 9.2195 16.2788 7.0000 8.0623 10.8167 9.8489 9.8489 12.8062 15.2315 13.8924 5.8310 5.8310 7.6158 12.1655 10.1980 12.0830 10.1980 8.0000 13.1529 14.8661 13.1529 12.6491 14.7648 14.7648 4.4721 14.3178 19.1050 14.7648 14.7648 19.1050 13.1529 15.2643 18.4391 13.0384 12.8062 13.6015 12.8062 18.4391 18.4391 18.4391 18.4391 10.0000 8.0623 8.0623 8.0623 18.4391 2.8284 2.8284 2.8284 4.1231 4.1231 12.6491 4.1231 10.6301 14.3178 14.3178 14.3178 2.2361 8.4853 8.4853 8.4853 7.6158 18.4391 10.6301 12.0416 12.0416 12.0416 10.1980 10.1980 8.0623 10.1980 0.0000 0.0000 0.0000 
0.0000 0.0000 0.0000 4.4721 19.1050 16.1245 7.8102 12.0830 5.0990 5.0990 5.0990 17.2047 17.2047 6.7082 2.2361 15.2315 11.4018 11.4018 14.2127 11.4018 14.2127 14.2127 14.2127 14.2127 8.5440 10.0000 10.0000 10.1980 10.1980 9.8489 9.8489 9.8489 9.8489 12.5300 12.5300 12.5300 12.5300 5.8310 5.8310 12.1655 10.1980 9.0554 9.0554 8.0000 13.0384 8.0623 13.1529 13.1529 10.0000 10.0000 16.1245 16.1245 12.8062 13.4536 16.1245 16.1245 8.9443 11.1803 11.1803 17.2047 13.3417 14.7648 9.4340 18.4391 18.4391 18.4391 18.4391 7.6158 11.1803 7.2801 7.2801 18.4391 18.4391 1.4142 1.4142 1.4142 12.6491 12.6491 1.4142 4.4721 13.6015 13.6015 3.0000 3.0000 8.4853 8.4853 8.4853 5.0000 5.3852 8.6023 12.0416 12.0416 12.0416 4.4721 4.4721 8.0623 15.2315 0.0000 0.0000 0.0000 
0.0000 0.0000 0.0000 19.1050 19.1050 10.8167 10.8167 12.0830 17.2047 17.2047 17.2047 17.2047 17.2047 6.7082 17.2047 15.2315 15.2315 15.2315 14.2127 14.2127 14.2127 14.2127 14.2127 14.2127 14.7648 10.1980 5.3852 10.1980 10.1980 7.8102 9.8489 15.6205 12.5300 12.5300 11.6619 5.0990 12.5300 19.1050 5.8310 19.1050 10.1980 9.0554 9.0554 11.0000 13.1529 13.1529 13.1529 10.0000 15.5563 3.6056 16.1245 12.0416 19.1050 13.4536 5.3852 11.4018 5.3852 16.4012 16.4012 3.6056 13.3417 13.0384 3.6056 3.6056 12.5300 13.6015 13.8924 7.6158 11.1803 7.6158 7.2801 18.4391 11.4018 13.6015 12.3693 12.3693 13.4536 6.3246 13.0000 13.0000 13.0000 4.4721 14.0357 12.3693 5.0000 14.5602 5.0000 8.4853 5.0000 5.0000 6.4031 6.4031 12.0416 4.4721 4.4721 19.1050 10.7703 0.0000 0.0000 0.0000 
0.0000 0.0000 0.0000 8.4853 19.1050 4.1231 4.1231 4.1231 14.8661 7.0711 8.5440 18.4391 6.7082 3.6056 13.4536 15.2315 15.2315 13.6015 14.2127 12.0830 14.2127 14.2127 14.2127 14.2127 3.6056 10.1980 5.3852 10.1980 10.1980 5.3852 9.8489 8.0623 9.4868 8.0623 8.0623 8.2462 13.4164 19.1050 19.1050 9.4340 10.1980 9.0554 9.0554 10.1980 8.9443 16.6433 13.1529 1.0000 16.6433 16.1245 16.1245 6.3246 6.3246 11.6619 5.3852 11.4018 16.4012 16.4012 16.4012 16.4012 15.6205 15.6205 3.6056 16.6433 16.6433 5.3852 13.8924 11.4018 3.0000 19.1050 9.0000 13.6015 11.4018 13.6015 2.8284 15.6525 14.8661 14.8661 17.6918 7.2801 14.0357 14.0357 14.0357 6.3246 5.0000 6.7082 13.1529 8.4853 13.3417 5.0000 9.4340 17.8045 17.8045 5.0000 5.0000 5.0000 10.7703 0.0000 0.0000 0.0000 
0.0000 0.0000 0.0000 4.4721 7.0000 16.9706 4.1231 13.6015 16.9706 13.6015 16.2788 12.0416 13.4536 11.0000 13.4164 8.5440 4.0000 13.4536 15.6525 8.0623 3.0000 14.5602 14.2127 14.2127 3.6056 10.1980 13.3417 10.1980 8.0623 5.3852 9.8995 8.0623 9.4868 10.0499 10.4403 3.6056 13.4164 3.6056 5.8310 6.0000 5.3852 8.4853 9.0554 3.6056 18.3848 16.6433 16.6433 1.0000 14.7648 14.7648 16.1245 6.3246 6.3246 9.0554 5.3852 6.3246 16.4012 11.1803 16.4012 16.4012 13.3417 16.6433 13.3417 10.2956 12.5300 10.2956 10.2956 7.8102 9.0000 10.6301 11.3137 17.6918 11.3137 14.1421 14.7648 15.6525 15.6525 5.8310 8.6023 8.6023 9.0554 6.0828 6.0828 6.0828 2.2361 2.2361 13.1529 13.1529 13.3417 9.2195 6.4031 5.8310 6.0000 9.2195 9.2195 18.4391 18.4391 0.0000 0.0000 0.0000 
0.0000 0.0000 0.0000 4.4721 9.0554 9.0554 9.0554 4.1231 13.6015 13.6015 12.0416 14.2127 13.4536 11.0000 13.4164 8.5440 13.0384 13.4536 17.8045 5.0000 15.2643 15.2643 14.2127 17.0294 17.0294 17.0294 11.4018 10.1980 10.1980 8.0623 14.8661 8.0623 8.0623 17.2047 8.0623 13.4164 13.4164 11.4018 11.4018 7.0711 7.8102 8.4853 6.7082 12.0000 3.6056 9.0554 9.0554 9.0554 13.4536 13.4536 12.0416 6.3246 18.3848 12.0830 12.0830 12.0830 16.4012 11.1803 16.4012 11.1803 13.3417 13.6015 7.8102 7.8102 7.8102 6.0828 10.2956 7.8102 17.6918 17.6918 17.6918 17.6918 11.4018 15.2315 10.7703 15.6525 12.0830 14.3178 13.6015 8.6023 7.2801 14.8661 8.2462 6.0828 2.2361 8.0623 13.1529 13.1529 8.4853 8.0623 9.0554 5.0000 14.8661 6.0000 6.0000 6.3246 19.1050 0.0000 0.0000 0.0000 
0.0000 0.0000 0.0000 14.2127 9.0554 9.0554 9.0554 9.0554 10.2956 13.6015 12.0416 13.4164 11.0000 11.0000 8.5440 10.0499 10.0499 10.0499 10.0499 5.0000 13.4536 4.1231 13.1529 5.3852 5.3852 11.4018 11.4018 11.4018 15.6525 14.0357 10.0000 13.0000 8.0623 17.2047 8.0623 19.1050 15.0000 15.0000 15.2315 5.8310 4.4721 4.4721 6.4031 3.6056 9.8995 9.0554 9.0554 9.0554 14.7648 13.4536 12.0416 6.3246 6.3246 6.3246 6.0000 15.6525 8.6023 8.6023 16.4012 11.1803 11.1803 13.3417 16.2788 3.1623 16.2788 15.8114 10.2956 15.2643 11.7047 12.2066 9.0554 1.4142 3.0000 10.7703 10.7703 10.7703 10.7703 2.2361 13.6015 13.6015 9.4868 13.0384 8.2462 8.2462 8.2462 8.2462 8.2462 8.2462 8.4853 12.0416 8.4853 10.2956 9.2195 14.8661 12.2066 14.8661 14.8661 0.0000 0.0000 0.0000 
0.0000 0.0000 0.0000 14.2127 9.0554 9.0554 17.2047 9.0554 14.8661 12.0416 12.0416 12.0416 13.4536 12.0416 8.5440 8.5440 8.5440 7.2111 10.6301 13.3417 14.7648 13.1529 13.1529 8.5440 5.3852 11.4018 11.4018 11.4018 16.4012 10.8167 16.1245 13.0000 14.3178 8.0623 15.2315 15.2315 7.6158 15.2315 15.2315 4.4721 9.4340 9.8489 9.8489 16.2788 8.6023 9.0554 9.0554 9.0554 13.4536 13.4536 6.0828 10.2956 14.3178 1.0000 6.0000 6.0000 6.0000 8.6023 16.4012 13.3417 13.3417 6.3246 12.2066 12.6491 7.0000 15.8114 15.8114 18.4391 11.7047 1.4142 16.6433 3.0000 3.0000 10.0000 3.0000 3.0000 10.7703 13.6015 13.6015 13.0384 7.6158 8.2462 8.2462 8.2462 8.2462 8.0623 13.0000 8.6023 3.6056 10.8167 15.6205 7.2111 9.2195 14.8661 14.7648 14.8661 14.8661 0.0000 0.0000 0.0000 
0.0000 0.0000 0.0000 17.2047 17.2047 14.3178 17.2047 10.4403 10.4403 6.4031 12.0416 5.0990 14.4222 14.4222 14.4222 5.8310 5.8310 5.8310 6.3246 6.3246 6.3246 8.0623 8.0623 13.4536 5.3852 11.4018 9.0000 9.0000 16.4012 14.0357 14.0357 11.1803 13.0000 8.0623 11.0454 15.0000 15.0000 9.4340 19.1050 7.2801 8.6023 13.9284 16.2788 16.2788 8.6023 3.1623 13.0000 13.9284 14.2127 13.4536 10.2956 6.3246 14.3178 11.7047 6.0000 6.0000 6.0000 10.7703 12.2066 9.4340 14.8661 12.6491 12.6491 12.6491 7.0000 15.8114 15.6525 15.6525 11.7047 1.4142 16.6433 3.0000 3.0000 8.6023 3.0000 3.0000 10.7703 10.7703 13.4536 7.6158 7.6158 8.2462 8.2462 8.2462 8.0623 17.8045 12.0416 10.7703 11.1803 10.8167 11.4018 5.0000 4.4721 14.2127 14.4222 14.8661 14.8661 0.0000 0.0000 0.0000 
0.0000 0.0000 0.0000 4.1231 9.0554 9.0554 13.1529 8.0623 14.8661 14.8661 11.4018 10.2956 5.0990 14.4222 14.4222 17.0294 8.5440 8.5440 6.3246 6.3246 6.3246 9.4340 9.4340 13.4536 19.1050 19.1050 19.1050 15.6205 16.4012 10.8167 10.7703 14.1421 10.7703 15.0000 11.1803 10.0499 14.4222 7.2801 7.2801 7.2801 16.2788 16.2788 16.2788 4.1231 8.4853 4.1231 5.3852 5.3852 14.2127 14.2127 10.2956 10.2956 11.7047 10.7703 9.8489 14.2127 14.2127 10.7703 10.7703 17.6918 17.6918 17.6918 12.6491 12.6491 13.0384 15.8114 15.6525 7.2111 7.2111 3.1623 16.6433 14.4222 3.0000 8.6023 11.4018 11.4018 7.6158 10.0000 12.3693 14.8661 12.3693 7.6158 14.1421 8.0623 8.0623 15.8114 8.6023 9.4340 9.4340 11.4018 11.4018 7.2111 4.4721 14.2127 14.4222 14.8661 14.8661 0.0000 0.0000 0.0000 
0.0000 0.0000 0.0000 12.3693 15.0000 13.9284 13.1529 13.1529 14.7648 13.1529 13.1529 13.1529 9.0554 9.0554 8.5440 17.0294 12.0830 12.0830 12.0830 6.3246 9.4340 9.4340 9.4340 9.4340 9.4340 9.8995 2.8284 2.8284 19.1050 14.8661 14.1421 14.1421 13.0384 11.1803 14.0357 10.0499 14.8661 14.8661 12.0416 17.2047 16.2788 16.2788 16.2788 12.0416 15.8114 15.8114 14.0357 14.0357 14.2127 15.8114 11.1803 6.0828 17.2047 5.3852 9.8489 14.7648 14.8661 14.8661 14.8661 14.8661 8.4853 12.6491 12.6491 12.6491 12.6491 16.1245 7.2111 17.2047 7.2111 3.1623 3.1623 7.6158 7.6158 11.6619 11.4018 11.4018 7.6158 10.7703 10.7703 10.7703 10.7703 10.7703 6.0000 3.6056 8.0623 15.8114 15.8114 3.1623 3.1623 11.4018 11.4018 2.2361 11.4018 12.3693 10.6301 15.2315 15.2315 0.0000 0.0000 0.0000 
0.0000 0.0000 0.0000 13.8924 6.0828 13.9284 5.0000 5.0000 10.7703 11.1803 4.2426 10.2956 9.0554 9.0554 17.0294 17.0294 8.4853 6.7082 12.6491 12.6491 12.6491 7.0711 7.0711 7.0711 14.0357 9.8995 2.8284 2.8284 2.8284 14.1421 14.1421 14.1421 9.0554 9.0554 10.0499 10.0499 14.8661 14.8661 14.8661 14.8661 17.2047 11.1803 12.0416 16.6433 4.1231 15.8114 2.2361 6.7082 16.4012 2.2361 15.2643 14.2127 17.2047 7.2801 11.1803 7.2801 7.2801 8.5440 7.0711 9.4340 10.8167 5.3852 5.0000 12.6491 7.8102 12.0416 3.1623 17.2047 5.3852 8.5440 11.1803 7.6158 7.6158 11.6619 8.4853 8.4853 14.0357 12.0416 16.1245 8.2462 8.2462 12.0416 8.2462 3.6056 13.3417 8.6023 5.6569 3.1623 3.1623 9.2195 7.2111 7.2111 11.4018 14.0357 12.1655 12.1655 15.2315 0.0000 0.0000 0.0000 
0.0000 0.0000 0.0000 13.8924 9.4340 6.0828 5.0000 5.0000 5.0000 10.7703 4.2426 8.2462 9.4340 9.4340 17.0294 17.0294 8.4853 14.5602 9.2195 9.2195 1.0000 13.6015 17.0294 17.0294 17.0294 9.8995 11.4018 11.4018 6.4031 14.1421 14.1421 8.0623 13.4536 8.0623 9.0554 6.0828 6.0000 6.0000 14.8661 12.5300 11.1803 11.1803 13.0000 13.0000 13.0000 13.1529 13.1529 6.7082 11.4018 9.4868 15.2643 15.2643 15.2643 11.1803 6.0828 11.1803 12.0416 6.0828 9.2195 5.3852 8.4853 4.0000 8.5440 14.7648 14.7648 12.3693 15.2643 13.8924 10.4403 13.8924 5.6569 7.6158 7.6158 15.6525 9.4868 11.4018 5.6569 7.6158 7.6158 7.6158 8.2462 10.7703 8.2462 12.0830 12.0830 12.0830 3.1623 14.5602 14.5602 5.0000 9.8489 14.0357 14.0357 14.1421 12.1655 12.1655 12.1655 0.0000 0.0000 0.0000 
0.0000 0.0000 0.0000 9.4340 11.4018 11.4018 11.4018 11.4018 5.0990 11.1803 4.2426 10.4403 13.6015 13.9284 9.2195 10.1980 6.7082 6.7082 12.6491 5.3852 5.3852 13.6015 17.0294 17.0294 17.0294 14.1421 11.4018 14.1421 14.1421 14.1421 14.1421 14.1421 14.3178 16.1245 10.0000 16.1245 16.1245 6.3246 6.3246 6.0000 8.5440 8.5440 12.0416 13.0000 13.0000 13.0000 10.2956 10.2956 11.4018 1.0000 5.8310 15.2643 12.0000 10.8167 13.6015 11.1803 11.1803 7.0711 7.0711 5.3852 8.4853 8.4853 8.4853 14.7648 14.7648 12.3693 15.2643 10.4403 10.4403 10.4403 5.6569 5.6569 5.6569 6.4031 8.2462 8.2462 6.7082 12.0416 14.3178 6.7082 11.0454 2.2361 8.2462 15.6525 9.2195 11.7047 3.1623 3.1623 14.5602 8.2462 10.8167 14.0357 15.2315 6.4031 12.1655 12.1655 12.1655 0.0000 0.0000 0.0000 
0.0000 0.0000 0.0000 8.5440 11.4018 6.0828 11.4018 11.4018 16.2788 11.1803 13.1529 4.2426 9.4340 9.4340 10.1980 14.5602 6.7082 14.5602 14.5602 6.7082 9.2195 13.6015 17.0294 12.0416 12.0416 16.6433 11.4018 16.6433 16.6433 11.1803 13.0384 13.0384 15.8114 16.1245 16.1245 16.1245 16.1245 6.3246 6.3246 14.7648 8.5440 8.5440 15.8114 14.8661 10.2956 10.2956 10.2956 1.0000 1.0000 1.0000 14.4222 14.4222 11.1803 10.8167 11.1803 11.1803 12.7279 12.7279 7.0711 8.5440 12.0416 4.0000 3.1623 3.1623 13.1529 5.3852 5.3852 5.3852 5.3852 7.0711 5.6569 5.6569 8.2462 8.2462 8.2462 11.6619 5.3852 5.3852 5.8310 7.2111 5.8310 5.0000 15.6525 15.6525 13.0000 8.0623 13.1529 13.1529 13.0000 14.0357 10.8167 14.0357 14.0357 6.4031 12.1655 3.1623 3.1623 0.0000 0.0000 0.0000 
0.0000 0.0000 0.0000 3.6056 3.1623 3.1623 3.1623 8.0623 13.1529 8.0623 9.0554 4.2426 9.0554 10.1980 10.1980 9.4340 9.2195 11.7047 1.4142 8.9443 9.2195 13.6015 14.5602 13.0000 13.4536 7.2111 14.1421 14.1421 14.1421 14.1421 14.1421 14.1421 4.2426 14.0357 16.2788 9.4340 16.1245 16.1245 16.1245 3.1623 8.5440 10.1980 10.1980 16.4012 13.0000 16.4012 16.4012 17.6918 13.3417 13.6015 9.2195 8.0623 12.0000 10.8167 11.1803 7.0711 10.6301 14.2127 7.0711 16.6433 9.4868 4.0000 3.1623 3.1623 13.1529 13.3417 5.3852 10.4403 14.1421 14.1421 7.0711 10.1980 8.9443 8.9443 11.6619 11.6619 6.0828 8.0000 5.8310 3.0000 5.8310 2.2361 2.2361 2.2361 8.9443 8.9443 3.1623 9.8995 16.6433 16.6433 13.8924 14.0357 14.0357 6.4031 12.1655 6.4031 4.0000 0.0000 0.0000 0.0000 
0.0000 0.0000 0.0000 3.6056 3.6056 3.1623 13.8924 13.1529 13.1529 13.1529 12.0000 10.1980 10.1980 13.4536 10.1980 10.1980 7.8102 11.6619 14.2127 3.1623 9.2195 13.4536 13.6015 4.4721 4.4721 15.2643 8.6023 13.9284 13.9284 13.9284 14.1421 8.2462 4.2426 16.6433 16.2788 2.2361 2.2361 18.3848 11.3137 1.0000 8.5440 16.1245 2.0000 5.0000 5.0000 13.1529 11.4018 9.0554 9.0554 8.0623 9.0554 9.0554 10.4403 5.3852 5.3852 16.6433 16.6433 16.6433 16.6433 16.6433 7.0711 15.6525 3.1623 9.4868 7.6158 12.3693 11.1803 3.1623 17.8045 17.8045 10.1980 10.1980 12.2066 11.6619 11.6619 11.6619 11.6619 11.1803 3.0000 3.0000 3.0000 3.6056 3.0000 3.0000 3.0000 8.6023 13.6015 13.6015 13.6015 16.6433 14.0357 14.0357 13.0384 14.1421 2.2361 2.2361 7.0000 0.0000 0.0000 0.0000 
0.0000 0.0000 0.0000 19.1050 13.6015 13.6015 12.0416 2.8284 7.0711 7.0000 4.2426 4.2426 10.2956 10.2956 5.8310 13.0384 13.4536 2.2361 11.6619 15.0000 12.1655 12.1655 17.6918 4.4721 4.4721 17.6918 8.0623 13.9284 13.9284 13.9284 8.0623 8.2462 4.2426 4.0000 16.2788 9.2195 2.2361 18.3848 10.0000 10.0000 16.1245 7.6158 7.6158 5.0000 12.0416 12.0416 9.0554 9.0554 12.0416 6.7082 6.7082 9.0554 3.1623 10.8167 11.1803 4.1231 16.6433 16.6433 7.0711 6.4031 6.4031 6.4031 11.1803 11.6619 11.0454 4.1231 8.0623 10.7703 7.2111 12.0416 12.0416 12.2066 12.2066 11.6619 11.6619 11.6619 11.6619 7.8102 3.0000 3.0000 3.0000 3.0000 3.1623 3.1623 8.6023 15.6525 13.6015 6.0828 13.6015 6.0828 6.0828 14.0357 13.0384 14.1421 14.1421 2.2361 9.2195 0.0000 0.0000 0.0000 
0.0000 0.0000 0.0000 8.4853 12.0416 12.0416 12.0416 10.4403 10.4403 6.7082 7.0711 12.1655 9.2195 12.1655 13.0384 13.0384 13.4536 12.3693 12.3693 12.1655 12.1655 12.1655 12.1655 4.4721 4.4721 17.6918 13.4536 13.9284 9.0554 13.9284 8.0623 8.0623 8.0623 4.1231 4.1231 9.2195 2.2361 2.2361 10.0000 19.7990 5.0000 5.0000 7.6158 5.0000 12.0416 12.0416 12.0416 12.0416 13.8924 12.6491 6.7082 6.7082 3.1623 10.8167 11.1803 14.5602 14.5602 14.5602 6.4031 6.4031 6.4031 6.4031 11.4018 9.4868 14.0357 13.0384 11.0454 1.4142 2.0000 12.0416 13.0000 12.1655 13.0000 11.6619 11.6619 11.6619 13.3417 10.4403 15.2315 15.2315 15.6525 15.6525 3.1623 15.6525 9.8489 3.1623 9.8489 9.8489 6.0828 15.6525 14.0357 14.0357 13.0384 14.1421 14.1421 2.2361 5.0000 0.0000 0.0000 0.0000 
0.0000 0.0000 0.0000 12.5300 12.0416 12.0416 12.0416 10.4403 6.7082 7.0711 7.0711 7.0711 9.2195 12.1655 13.0384 13.0384 12.5300 12.3693 12.3693 10.6301 12.1655 12.1655 12.1655 4.4721 4.4721 4.4721 15.0000 12.0416 9.0554 13.9284 17.8045 15.2643 8.9443 4.1231 4.1231 9.2195 9.8995 18.3848 7.6158 7.6158 19.7990 7.6158 11.4018 5.0000 5.0000 7.0711 12.0416 12.1655 13.8924 12.6491 1.0000 10.2956 3.1623 10.2956 8.9443 14.5602 14.5602 4.1231 6.4031 10.6301 6.4031 6.4031 11.7047 11.7047 9.4340 13.0384 17.0294 14.1421 14.7648 17.2047 17.2047 7.2111 12.1655 11.1803 15.2315 13.3417 13.3417 12.2066 15.2315 15.2315 8.6023 13.3417 11.3137 9.8489 8.5440 8.5440 9.8489 9.8489 3.6056 14.0357 14.0357 14.0357 11.4018 14.1421 14.1421 14.1421 14.1421 0.0000 0.0000 0.0000 
0.0000 0.0000 0.0000 13.8924 12.0416 12.0416 12.0416 12.0416 7.2111 7.2111 7.0711 7.2111 7.2111 4.1231 11.4018 11.4018 13.4536 14.1421 12.3693 12.0416 7.0000 12.8062 11.4018 15.2643 8.2462 5.8310 7.0711 14.0000 12.0416 12.1655 12.1655 12.1655 8.9443 4.1231 4.1231 6.0000 4.1231 18.3848 7.6158 19.7990 15.2315 5.3852 5.3852 5.0000 11.4018 10.0000 7.0711 12.3693 10.0000 11.4018 9.4340 14.8661 3.1623 14.8661 12.0416 15.8114 15.8114 12.8062 6.4031 11.4018 6.4031 8.0623 8.0623 17.0294 9.4340 17.0294 17.0294 13.0384 13.0000 3.6056 8.2462 15.2315 8.2462 11.6619 9.8995 9.8995 9.8995 12.2066 15.2315 15.2315 8.6023 13.3417 14.4222 19.1050 19.1050 7.2111 12.6491 14.5602 3.6056 14.0357 14.0357 14.0357 11.4018 13.4164 14.1421 14.1421 11.4018 0.0000 0.0000 0.0000 
0.0000 0.0000 0.0000 12.0416 12.0416 12.0416 12.0416 12.0416 12.0416 5.0000 8.6023 8.0623 12.6491 4.1231 13.0384 13.0384 13.0384 14.1421 17.6918 11.4018 11.4018 15.5563 11.4018 15.2643 13.4536 5.0990 4.1231 12.0416 12.0416 7.2801 7.8102 5.0990 8.9443 8.9443 14.8661 12.3693 13.4536 18.3848 7.2111 19.7990 5.0000 5.8310 14.5602 5.0000 15.2643 15.2643 13.4164 12.1655 9.8489 13.0000 9.8489 10.2956 9.4868 9.4868 14.0357 15.8114 10.2956 13.6015 11.4018 11.4018 4.4721 7.0711 7.0711 10.7703 10.7703 10.0000 11.4018 11.4018 14.3178 8.2462 8.2462 8.2462 8.2462 11.1803 6.4031 13.3417 13.3417 14.5602 11.6619 11.6619 7.8102 7.2801 14.4222 19.1050 12.0416 7.2111 12.6491 12.6491 12.6491 5.8310 13.4164 14.0357 11.1803 13.0000 13.0000 14.1421 17.8045 0.0000 0.0000 0.0000 
0.0000 0.0000 0.0000 13.9284 13.9284 13.8924 10.4403 13.9284 5.0000 12.0830 7.0711 12.0830 9.8489 9.8489 8.9443 4.1231 14.1421 14.1421 2.2361 8.0623 7.0000 10.2956 11.4018 13.0000 13.0000 13.0000 13.0000 5.0990 7.2801 7.2801 8.6023 15.2643 10.0499 14.8661 14.8661 19.7990 19.7990 14.8661 14.8661 19.7990 19.7990 5.3852 6.0828 10.0499 4.2426 6.4031 11.4018 12.1655 11.4018 9.4868 9.8489 10.0499 9.4868 9.2195 9.2195 15.8114 13.6015 14.0357 16.4012 10.6301 7.0711 7.0711 7.0711 13.9284 6.4031 6.4031 11.4018 11.4018 11.4018 8.2462 8.2462 8.2462 8.2462 15.6525 6.4031 13.3417 10.8167 8.6023 8.6023 11.6619 8.6023 11.6619 14.4222 7.0711 7.0711 12.6491 12.6491 12.6491 12.6491 13.6015 13.4164 12.6491 12.6491 11.1803 13.0384 10.1980 7.2801 0.0000 0.0000 0.0000 
0.0000 0.0000 0.0000 13.9284 13.9284 13.9284 10.4403 13.9284 5.0000 5.0000 5.0000 5.0000 9.8489 12.0830 8.9443 11.4018 2.2361 14.1421 2.2361 12.0416 10.2956 10.2956 13.0000 13.0000 13.0000 13.0000 9.2195 7.2801 7.2801 7.2801 8.6023 15.2643 10.0499 4.4721 4.1231 6.3246 13.4536 14.0000 1.4142 1.4142 5.0000 13.0384 14.5602 13.0384 13.0384 6.4031 6.4031 6.4031 15.8114 12.2066 6.0000 6.0000 15.2643 9.2195 9.2195 8.9443 15.2643 5.0000 14.0357 11.4018 14.3178 14.3178 12.0830 10.7703 6.4031 6.4031 14.8661 14.3178 8.2462 8.2462 8.2462 8.2462 8.2462 11.6619 12.2066 6.0828 10.8167 10.8167 8.6023 7.8102 5.0990 14.4222 5.0990 7.2801 12.6491 12.6491 12.6491 12.6491 12.6491 12.0416 12.0416 14.0357 13.0384 13.0384 14.3178 13.0384 13.0384 0.0000 0.0000 0.0000 
0.0000 0.0000 0.0000 12.0416 14.3178 11.3137 15.8114 18.4391 5.0000 8.9443 8.9443 8.9443 1.0000 8.9443 13.4164 3.1623 17.6918 14.1421 13.6015 12.0416 12.8062 14.1421 14.8661 13.0000 13.0000 13.0000 17.0294 6.0828 6.0828 7.2801 5.0000 5.0000 9.4868 4.1231 4.1231 15.0000 15.0000 13.8924 13.8924 5.0000 5.3852 13.0384 10.1980 10.1980 6.4031 6.4031 6.4031 6.4031 6.4031 17.0294 17.0294 17.0294 10.6301 17.6918 11.4018 13.1529 15.2643 14.0357 14.7648 10.6301 11.0454 10.6301 2.2361 3.1623 3.1623 6.4031 14.8661 13.0384 8.2462 8.2462 8.2462 8.2462 9.0000 9.0000 6.4031 6.4031 10.8167 10.8167 10.8167 8.6023 8.6023 7.2801 13.9284 10.4403 14.3178 12.6491 9.4340 9.4340 9.4340 5.3852 13.0000 13.0000 13.1529 14.3178 14.4222 13.1529 17.8045 0.0000 0.0000 0.0000 
0.0000 0.0000 0.0000 14.1421 14.3178 8.2462 8.2462 18.4391 6.4031 13.6015 7.2801 12.0830 12.7279 12.7279 14.3178 14.3178 14.3178 14.8661 12.0416 13.0000 14.1421 14.1421 14.8661 14.8661 9.2195 9.2195 12.6491 12.6491 12.0416 8.6023 8.6023 8.6023 3.6056 13.0000 13.0000 15.0000 15.0000 13.8924 13.8924 8.0623 10.1980 13.0384 13.0384 13.0384 13.0384 15.5563 18.3848 15.6205 15.6205 15.2315 13.4164 12.3693 15.2643 7.6158 7.6158 9.2195 15.2643 14.0357 14.7648 14.7648 11.0454 10.0000 2.2361 12.7279 2.2361 10.2956 17.2047 17.2047 17.2047 8.2462 16.6433 9.0000 9.0000 9.0000 9.0000 9.0000 10.7703 17.8045 17.8045 10.0000 17.8045 7.0711 13.9284 7.2801 13.9284 13.9284 6.7082 12.6491 8.9443 12.0416 13.1529 13.1529 13.1529 14.3178 13.1529 13.1529 17.8045 0.0000 0.0000 0.0000 
0.0000 0.0000 0.0000 17.2047 14.0357 8.2462 8.2462 15.2315 6.4031 8.2462 3.1623 12.0830 2.2361 9.8995 2.2361 2.2361 14.8661 14.8661 13.0384 13.0384 13.0384 14.1421 14.1421 2.2361 9.2195 9.2195 17.0294 17.0294 13.4536 8.6023 1.4142 8.6023 13.4536 13.0000 13.0000 15.0000 15.0000 7.8102 7.8102 8.0623 5.3852 13.0384 13.0384 13.0384 15.5563 15.5563 11.1803 12.8062 15.2315 17.2047 17.2047 16.2788 17.6918 6.0828 6.0828 18.4391 11.7047 14.0357 14.7648 11.0454 11.0454 11.0454 12.0830 12.0830 12.0830 12.0830 12.0830 17.2047 17.2047 17.2047 16.4012 16.4012 12.0416 7.0711 11.1803 11.4018 10.1980 17.8045 17.8045 10.0000 17.8045 7.0711 13.9284 7.2801 6.7082 6.7082 11.6619 6.7082 6.7082 13.0000 6.7082 14.1421 13.1529 5.3852 13.1529 13.1529 5.3852 0.0000 0.0000 0.0000 
0.0000 0.0000 0.0000 17.2047 15.2643 17.2047 17.8045 13.8924 13.6015 13.6015 13.0384 13.4164 9.8995 12.0000 12.0000 13.4164 13.4164 14.8661 14.8661 13.0384 13.0384 14.8661 13.0384 3.1623 13.0384 14.8661 17.0294 17.0294 19.7990 19.7990 19.7990 19.7990 9.8489 12.0000 13.0000 17.6918 15.2315 7.8102 7.8102 8.0623 15.2315 8.0623 8.2462 11.4018 15.5563 15.5563 15.5563 15.2315 15.2315 10.7703 13.0384 15.2315 15.2315 17.6918 9.4340 14.0357 8.4853 14.7648 14.7648 14.7648 14.7648 12.0830 12.0830 12.0830 12.0830 12.0830 10.0000 10.2956 10.2956 9.2195 16.4012 16.4012 11.1803 11.1803 11.1803 11.4018 10.1980 13.0384 13.0384 10.0000 16.6433 10.0000 13.9284 18.3848 11.6619 11.6619 11.6619 13.0000 13.0000 13.0000 12.0830 12.0830 8.0623 5.3852 13.1529 13.1529 17.8045 0.0000 0.0000 0.0000 
0.0000 0.0000 0.0000 17.2047 17.2047 17.2047 8.5440 9.8995 13.6015 13.6015 9.8995 9.2195 9.8995 9.8995 12.0000 9.8995 7.2801 9.8995 9.8995 8.0623 14.8661 8.0623 13.3417 13.3417 13.3417 10.6301 17.0294 17.0294 12.0416 17.0294 19.7990 19.7990 6.0828 6.0828 17.6918 17.6918 17.6918 8.0623 6.0828 6.0828 8.9443 13.0384 11.1803 11.4018 3.1623 14.7648 11.4018 14.1421 5.0990 10.7703 11.0000 15.2315 10.1980 10.1980 9.4340 14.0357 11.7047 14.7648 14.7648 14.7648 11.0454 12.0830 12.0830 12.0830 12.0830 12.0830 12.0830 10.2956 10.2956 10.2956 0.0000 15.2315 10.4403 15.5563 12.2066 5.0000 13.9284 13.0384 13.9284 10.0000 13.9284 13.9284 13.9284 13.9284 13.9284 13.9284 13.0000 13.0000 6.7082 13.0000 12.0830 12.0830 12.0830 16.9706 12.3693 18.4391 17.8045 0.0000 0.0000 0.0000 
0.0000 0.0000 0.0000 0.0000 0.0000 0.0000 0.0000 0.0000 0.0000 0.0000 0.0000 0.0000 0.0000 0.0000 0.0000 0.0000 0.0000 0.0000 0.0000 0.0000 0.0000 0.0000 0.0000 0.0000 0.0000 0.0000 0.0000 0.0000 0.0000 0.0000 0.0000 0.0000 0.0000 0.0000 0.0000 0.0000 0.0000 0.0000 0.0000 0.0000 0.0000 0.0000 0.0000 0.0000 0.0000 0.0000 0.0000 0.0000 0.0000 0.0000 0.0000 0.0000 0.0000 0.0000 0.0000 0.0000 0.0000 0.0000 0.0000 0.0000 0.0000 0.0000 0.0000 0.0000 0.0000 0.0000 0.0000 0.0000 0.0000 0.0000 0.0000 0.0000 0.0000 0.0000 0.0000 0.0000 0.0000 0.0000 0.0000 0.0000 0.0000 0.0000 0.0000 0.0000 0.0000 0.0000 0.0000 0.0000 0.0000 0.0000 0.0000 0.0000 0.0000 0.0000 0.0000 0.0000 0.0000 0.0000 0.0000 0.0000 
0.0000 0.0000 0.0000 0.0000 0.0000 0.0000 0.0000 0.0000 0.0000 0.0000 0.0000 0.0000 0.0000 0.0000 0.0000 0.0000 0.0000 0.0000 0.0000 0.0000 0.0000 0.0000 0.0000 0.0000 0.0000 0.0000 0.0000 0.0000 0.0000 0.0000 0.0000 0.0000 0.0000 0.0000 0.0000 0.0000 0.0000 0.0000 0.0000 0.0000 0.0000 0.0000 0.0000 0.0000 0.0000 0.0000 0.0000 0.0000 0.0000 0.0000 0.0000 0.0000 0.0000 0.0000 0.0000 0.0000 0.0000 0.0000 0.0000 0.0000 0.0000 0.0000 0.0000 0.0000 0.0000 0.0000 0.0000 0.0000 0.0000 0.0000 0.0000 0.0000 0.0000 0.0000 0.0000 0.0000 0.0000 0.0000 0.0000 0.0000 0.0000 0.0000 0.0000 0.0000 0.0000 0.0000 0.0000 0.0000 0.0000 0.0000 0.0000 0.0000 0.0000 0.0000 0.0000 0.0000 0.0000 0.0000 0.0000 0.0000 
0.0000 0.0000 0.0000 0.0000 0.0000 0.0000 0.0000 0.0000 0.0000 0.0000 0.0000 0.0000 0.0000 0.0000 0.0000 0.0000 0.0000 0.0000 0.0000 0.0000 0.0000 0.0000 0.0000 0.0000 0.0000 0.0000 0.0000 0.0000 0.0000 0.0000 0.0000 0.0000 0.0000 0.0000 0.0000 0.0000 0.0000 0.0000 0.0000 0.0000 0.0000 0.0000 0.0000 0.0000 0.0000 0.0000 0.0000 0.0000 0.0000 0.0000 0.0000 0.0000 0.0000 0.0000 0.0000 0.0000 0.0000 0.0000 0.0000 0.0000 0.0000 0.0000 0.0000 0.0000 0.0000 0.0000 0.0000 0.0000 0.0000 0.0000 0.0000 0.0000 0.0000 0.0000 0.0000 0.0000 0.0000 0.0000 0.0000 0.0000 0.0000 0.0000 0.0000 0.0000 0.0000 0.0000 0.0000 0.0000 0.0000 0.0000 0.0000 0.0000 0.0000 0.0000 0.0000 0.0000 0.0000 0.0000 0.0000 0.0000 
Test success!
Testing 1x20 image, feature width 3, feature height 3, maximum diplacement 14... 0.0000 
0.0000 
0.0000 
0.0000 
0.0000 
0.0000 
0.0000 
0.0000 
0.0000 
0.0000 
0.0000 
0.0000 
0.0000 
0.0000 
0.0000 
0.0000 
0.0000 
0.0000 
0.0000 
0.0000 
Test success!
Testing 20x1 image, feature width 3, feature height 3, maximum diplacement 14... 0.0000 0.0000 0.0000 0.0000 0.0000 0.0000 0.0000 0.0000 0.0000 0.0000 0.0000 0.0000 0.0000 0.0000 0.0000 0.0000 0.0000 0.0000 0.0000 0.0000 
Test success!
Testing 10x10 image, feature width 2, feature height 5, maximum diplacement 1... 0.0000 0.0000 0.0000 0.0000 0.0000 0.0000 0.0000 0.0000 0.0000 0.0000 
0.0000 0.0000 0.0000 0.0000 0.0000 0.0000 0.0000 0.0000 0.0000 0.0000 
0.0000 0.0000 0.0000 0.0000 0.0000 0.0000 0.0000 0.0000 0.0000 0.0000 
0.0000 0.0000 0.0000 0.0000 0.0000 0.0000 0.0000 0.0000 0.0000 0.0000 
0.0000 0.0000 0.0000 0.0000 0.0000 0.0000 0.0000 0.0000 0.0000 0.0000 
0.0000 0.0000 0.0000 0.0000 0.0000 0.0000 0.0000 0.0000 0.0000 0.0000 
0.0000 0.0000 0.0000 0.0000 0.0000 0.0000 0.0000 0.0000 0.0000 0.0000 
0.0000 0.0000 0.0000 0.0000 0.0000 0.0000 0.0000 0.0000 0.0000 0.0000 
0.0000 0.0000 0.0000 0.0000 0.0000 0.0000 0.0000 0.0000 0.0000 0.0000 
0.0000 0.0000 0.0000 0.0000 0.0000 0.0000 0.0000 0.0000 0.0000 0.0000 
Test success!
Testing 10x10 image, feature width 5, feature height 2, maximum diplacement 2... 0.0000 0.0000 0.0000 0.0000 0.0000 0.0000 0.0000 0.0000 0.0000 0.0000 
0.0000 0.0000 0.0000 0.0000 0.0000 0.0000 0.0000 0.0000 0.0000 0.0000 
0.0000 0.0000 0.0000 0.0000 0.0000 0.0000 0.0000 0.0000 0.0000 0.0000 
0.0000 0.0000 0.0000 0.0000 0.0000 0.0000 0.0000 0.0000 0.0000 0.0000 
0.0000 0.0000 0.0000 0.0000 0.0000 0.0000 0.0000 0.0000 0.0000 0.0000 
0.0000 0.0000 0.0000 0.0000 0.0000 0.0000 0.0000 0.0000 0.0000 0.0000 
0.0000 0.0000 0.0000 0.0000 0.0000 0.0000 0.0000 0.0000 0.0000 0.0000 
0.0000 0.0000 0.0000 0.0000 0.0000 0.0000 0.0000 0.0000 0.0000 0.0000 
0.0000 0.0000 0.0000 0.0000 0.0000 0.0000 0.0000 0.0000 0.0000 0.0000 
0.0000 0.0000 0.0000 0.0000 0.0000 0.0000 0.0000 0.0000 0.0000 0.0000 
Test success!
Testing 21x5 image, feature width 9, feature height 5, maximum diplacement 15... 0.0000 0.0000 0.0000 0.0000 0.0000 0.0000 0.0000 0.0000 0.0000 0.0000 0.0000 0.0000 0.0000 0.0000 0.0000 0.0000 0.0000 0.0000 0.0000 0.0000 0.0000 
0.0000 0.0000 0.0000 0.0000 0.0000 0.0000 0.0000 0.0000 0.0000 0.0000 0.0000 0.0000 0.0000 0.0000 0.0000 0.0000 0.0000 0.0000 0.0000 0.0000 0.0000 
0.0000 0.0000 0.0000 0.0000 0.0000 0.0000 0.0000 0.0000 0.0000 0.0000 0.0000 0.0000 0.0000 0.0000 0.0000 0.0000 0.0000 0.0000 0.0000 0.0000 0.0000 
0.0000 0.0000 0.0000 0.0000 0.0000 0.0000 0.0000 0.0000 0.0000 0.0000 0.0000 0.0000 0.0000 0.0000 0.0000 0.0000 0.0000 0.0000 0.0000 0.0000 0.0000 
0.0000 0.0000 0.0000 0.0000 0.0000 0.0000 0.0000 0.0000 0.0000 0.0000 0.0000 0.0000 0.0000 0.0000 0.0000 0.0000 0.0000 0.0000 0.0000 0.0000 0.0000 
Test success!
